10|1|[Captine] Alkedrada|1261,714;1677,511;855,455
10|1|[Captine] Calllmecolar|191,340;585,687;181,334
10|1|[Captine] Garukonga|1507,1729;1347,1455;1532,1474
10|1|[Captine] Lapiona|1405,1044
10|1|[Captine] Threthonez|1350,351;947,315;1222,499
10|1|[Captine] Urukthrone|1707,643;1654,397;1706,682
10|1|Ancient|1220,163;1264,197;1256,164;1356,340;1340,292;1262,202;1247,169;1214,172;946,304;1352,334;1341,275
10|1|Antares|160,1026
10|1|Ape|188,1336;229,1355;248,1316;1072,1104;777,1330
10|1|Apostle|1532,829;1562,952;1472,914
10|1|Ash knight|893,708;969,716
10|1|attila|1036,1428
10|1|Baron|581,664;649,703
10|1|Battalion|1053,1368;1024,1367
10|1|Bifloans|1539,922;1542,912;1534,915;1532,925;1533,919
10|1|Blood Don|308,425;312,355
10|1|BUGBEAR|269,152;294,176;331,196;239,128;330,164;371,126;265,127;291,145;362,151
10|1|burning skeleton|1010,1024;1189,1150
10|1|Burning Stone|1895,603
10|1|Cardinal|600,797;664,858
10|1|Centaur|1880,409;1935,395;1844,399
10|1|Chooks|1603,1136;1592,1130;1600,1127;1607,1135;1600,1144
10|1|Dark eyes|651,1589;686,1584
10|1|Death knight|695,929;1153,1138;1234,1145;1202,1276;1186,1215
10|1|Decayed Zombie|1016,1331;997,1423;992,1386
10|1|Deruvish|1443,781;1549,743
10|1|Dire wolf|570,1462;601,1472;679,1497;689,1475
10|1|Dragon Tooth commander|1154,428;1210,265;1743,1278;1763,1347
10|1|Dragon Tooth Skeleton|1727,486;1521,1102;1657,518;1342,680;598,345;924,449;1420,1373;675,340
10|1|Dragon Tooth soldier|1263,704;1527,1291;1501,1224;1444,1107;859,581;956,581
10|1|Dusk Orc|726,1430;756,1430;785,1430;813,1429
10|1|Efos|1539,917
10|1|Flame Rock|1904,612;1923,770
10|1|Foras|1669,1395
10|1|Furson|1598,1136
10|1|Gaap|1518,795
10|1|Garuna|1509,1717;1569,1694;1519,1661
10|1|Giant golem|1905,554;1929,701;1919,805
10|1|Glyptodont|666,1379;644,1417
10|1|GOBLIN bouncer|321,114;294,101
10|1|GRAY OOZY|431,1358;467,1355;454,1328
10|1|GRELL|184,588;203,547;217,610;253,583;268,555
10|1|Hagentee|1301,1800;1286,1795;1285,1808;1291,1809;1301,1813
10|1|Half-Troll Warrior|1432,391
10|1|Harpy|1637,1244;1841,1111;1916,1061;1846,1257;1917,1207;1738,1164
10|1|Haunga|1286,1528;1415,1452;1525,1451;1303,1459;1529,1543
10|1|Haunga Warrior|1194,1829;1121,1805;1015,1696;1252,1750
10|1|Hell hound|125,349;171,436;122,443;160,483;114,398
10|1|HORNET|1070,1602;1393,1099;1390,1174;1388,1252;1387,1213;1131,1576;1395,1133
10|1|Hyde|669,302
10|1|Keilan|736,1490;772,1481;792,1561;762,1529
10|1|King Aif|190,1340
10|1|KOBOLD|357,194;371,176;273,192;255,174;244,155;392,165
10|1|Kongau|1439,1778;1384,1709;1388,1799;1104,1055;1325,1734
10|1|Laird|737,834;807,851
10|1|Lamia|1419,1016;1401,966
10|1|Lard Orc|425,445;456,400
10|1|LICH|637,196;701,204;727,246
10|1|Loup-garou|529,1519;548,1489;584,1562;612,1589
10|1|Machirodus|310,1016;369,1037;255,1012
10|1|Manticore|1441,129;1630,128;1625,194
10|1|Mastodon|815,1834;592,1102
10|1|Meganthereon|191,1027;135,1018
10|1|Megarodon|815,1887
10|1|Merias|1743,1576
10|1|Niverius|1293,1802
10|1|Orias|1740,1564;1738,1569;1758,1571;1760,1577;1751,1575
10|1|Orobeth|1662,1384;1670,1386;1669,1377;1661,1386;1668,1387
10|1|Ose|1511,796;1514,784;1524,796;1522,788;1518,793
10|1|paralyzer|851,1596;824,1588
10|1|Pincers scorpion|736,1633;763,1677
10|1|POOKA|253,107;288,123;318,141;343,117
10|1|Raven Harpy|1716,1436;1815,1419;1881,1355;1649,1493
10|1|Rotten Eyes|968,1459;994,1480
10|1|saber tooth|533,865;339,946;384,877;1250,1357;820,1328;882,1315;894,1295;852,1326
10|1|Savage|787,1741
10|1|Scolar|1099,1145;554,493;548,585;675,587
10|1|Scorpion|646,1631;678,1631
10|1|scouting soldier|815,1802
10|1|Shadow seeker|917,1252;944,1273;931,1202
10|1|Sheriff|1232,1417
10|1|Skeleton|575,1228;662,1232;627,1207;572,1191
10|1|Skeleton champion|678,997;684,971;1031,1069;1022,1047;988,1021;981,1000
10|1|Skeleton knight|603,1033;643,1031;906,1099;907,1058;961,1093;990,1089;973,1068;936,1077
10|1|Skeleton warrior|988,1176;980,1199;983,1147;978,1126;654,1162;649,1135
10|1|Smilodon|455,1010;412,1004;455,960;413,956;449,870;768,1385;802,1380;840,1383;440,908
10|1|Stegodon|684,1312;1207,1862;1188,1617;861,1672
10|1|Stinger|891,1622;914,1596
10|1|Stone golem|1789,542;1910,841;1928,756;1940,615
10|1|treant|1109,346;1113,249;1117,207;1173,158
10|1|Troll|1213,584;1218,484;1450,508;1510,401;1295,351
10|1|Troll Warrior|1427,459;1348,393;1256,618;1359,524;1225,538
10|1|Tyon|357,1245;376,1281;454,1234;486,1259;456,1284;394,1138
10|1|undying|1040,1318;1039,1408;1038,1438
10|1|Uruk Blade|1725,602;1629,592;1714,631
10|1|Uruk Hai|1700,677;1751,697;1756,669;1817,591
10|1|Uruk Tron|1577,368;1663,398;1634,357
10|1|Wild smilodon|858,1420;888,1393;894,1366;756,1030;849,1442;754,971
10|1|Wolf Dog|767,1730
10|0|<Draki Rift>|460,1607
10|0|[10 Devil Summon Stone]|1054,1678
10|0|[11 Devil Summon Stone]|434,1050
10|0|[12 Devil Summon Stone]|721,1386
10|0|[7 Devil Summon Stone]|1704,538
10|0|[8 Devil Summon Stone]|1099,494
10|0|[9 Devil Summon Stone]|1492,1182
10|0|[Captain]Pasha|1773,1632
10|0|[Elder] MorBor|406,1724
10|0|[Goblin cauldron]|306,163
10|0|[Goblin food box]|327,123
10|0|[Goblin Subjugation]Raul|403,192
10|0|[Goblin wells]|392,128
10|0|[High rank missioner] Tollnaga|914,218
10|0|[Hunter]jareugeu|1015,864
10|0|[Karus Secret Locker]|325,1767
10|0|[Magic Association] Gather|932,140
10|0|[Manager] Roktar|536,1820
10|0|[Mariners]armada|1765,1631
10|0|[Mariners]hayeseu|1788,1618
10|0|[Mercenary]Russel|986,914
10|0|[Moradon Merchant] Shymer|469,1638
10|0|[National Enchanter]|964,1329;990,945;1712,829;375,701;900,259;423,1669
10|0|[NP Merchant] Merchini|363,1740
10|0|[Pitman] kurushack|625,1636;467,1624
10|0|[Priest]Ann|453,1609
10|0|[Sentinel]Cape|377,675
10|0|[Sentinel]Hashan|1716,863
10|0|[Sentinel]Melverick|454,1624
10|0|[Subjugation staff]Bergamo|400,197
10|0|[Tactical]Josiah|332,1737
10|0|[Tomb Keeper]Bertem|950,1360
10|0|[White Shadow Captin] Sirin|400,1653
10|0|Advisor|342,1736
10|0|Arch Mage Drake|1695,805
10|0|Bellua monument|400,685
10|0|Beron[Sundries]|426,650;1700,779;451,1686;1025,906
10|0|Captain Fargo|411,1720
10|0|Contaminated Karus Refugee|489,1639;483,1648;492,1638
10|0|Cubense[Armor]|425,1619;378,649;1744,844
10|0|Eslant Woman|1335,1843
10|0|Farmer|385,1171
10|0|Fina|396,697;1809,395
10|0|Great Priest Murka|377,1679;436,692;1761,788
10|0|Guard|361,1729;418,1672;468,1605;486,1622;411,633;390,733;388,682;1720,874;1712,741;1718,813
10|0|Habice[Mantle]|393,1735
10|0|Inn hostess|368,1687;435,688;1751,774
10|0|Karus Bulletine Board|479,1636
10|0|Karus Refugee|487,1644;484,1645;495,1636;483,1653
10|0|Keeper of the Key|962,1335;732,1355;700,1041;1078,998
10|0|Knight Clerk|353,1746
10|0|Laon Camp Gate|1844,150
10|0|Laon Camp Monument|1013,913
10|0|Leia|499,1636;1807,397
10|0|Linate Board|1741,863
10|0|Linate Monument|1728,814
10|0|Linguist|467,1650
10|0|Luferson Monument|352,1739
10|0|Lunar Gate Guard|1886,214
10|0|Margaret|323,1743
10|0|Mori[Arms]|413,1631;363,673;1752,815
10|0|Patroller of the Key|1735,833;1528,901;307,1271;1345,1346
10|0|Priest Minerva|380,1745
10|0|Prison|146,1313;148,1321;146,1347;143,1356;145,1364
10|0|Protector of the Key|1682,1240;1509,1597;1543,332;1681,610
10|0|Raina [Lady Chamberlain]|310,1771
10|0|Ranger of the Key|384,690;826,676;126,492;953,167
10|0|Recon|822,1801
10|0|Recon of the Key|1071,335;1675,601;1586,280;378,215
10|0|Roben [Election Committee]|318,1780
10|0|Royal Chef|360,1697
10|0|Royal Guard|401,1738
10|0|Runaway slaves|922,167
10|0|Sadi|503,1633
10|0|Sara|1722,821;1809,400
10|0|Secret Agent Clarence|431,708
10|0|Sentinel of the Key|942,1661;1375,1847;1033,1385;387,1174
10|0|Shama[Healing potion]|471,1666;365,712;1706,836
10|0|Spirit Of Logos|385,1177;1771,402;729,1583;1102,395;1323,1791;591,462;1689,1144;335,1021
10|0|Tower of Power|439,1653
10|0|Warrior Master Skaky|383,1740
10|0|Watcher of the Key|433,1175;803,529;926,970;1282,315
20|1|[Captine] Alkedrada|1387,1860;1131,1689;305,1414
20|1|[Captine] Calllmecolar|982,424;1428,1482;1500,1200
20|1|[Captine] Garukonga|1335,1252;675,354;585,627
20|1|[Captine] Lapiona|592,1171
20|1|[Captine] Threthonez|943,1679;326,1711;1101,1782
20|1|[Captine] Urukthrone|377,1617;486,1715;396,1442
20|1|Ancient|835,1798;820,1863;812,1918;808,1900;826,1862;836,1798;790,1845;756,1745;1111,1761;328,1699;753,1754
20|1|Antares|1224,577
20|1|Ape|1841,729;1813,700;1765,706;1402,1517;1458,1544
20|1|Apostle|517,1167;520,1241;542,1090
20|1|Ash knight|1069,1340;1153,1361
20|1|attila|1019,624
20|1|Baron|1413,1282;1379,1305
20|1|Battalion|979,689;1030,675
20|1|Bifloans|567,1185;562,1192;571,1191;586,1188;564,1197
20|1|Blood Don|1604,1608;1649,1577
20|1|BUGBEAR|1680,1848;1648,1894;1725,1870;1645,1829;1670,1882;1634,1865;1818,1930;1795,1902;1614,1828
20|1|burning skeleton|990,1137;998,1095
20|1|Burning Stone|262,1430
20|1|Cardinal|1325,1183
20|1|Centaur|234,1624;133,1641;228,1677
20|1|Chooks|290,531;295,537;292,528;282,529;271,532
20|1|Dark eyes|1482,549;1507,582
20|1|Death knight|1016,1002;1092,1068;1122,1008;1051,946;1115,945
20|1|Decayed Zombie|1055,719;1038,640
20|1|Deruvish|607,1262;531,1327
20|1|Dire wolf|1447,485;1418,477;1393,468;1471,492
20|1|Dragon Tooth commander|898,1725;989,1719;359,811;273,813
20|1|Dragon Tooth Skeleton|307,1412;352,1412;734,1365;492,942;1403,1836;1408,1760;1135,1678;1270,1639
20|1|Dragon Tooth soldier|542,954;815,1469;455,744;468,804;1071,1523;1170,1531
20|1|Dusk Orc|697,707;732,686;1335,1073;1326,1091
20|1|Efos|574,1186
20|1|Flame Rock|119,1306;198,1448
20|1|Foras|469,873
20|1|Furson|285,536
20|1|Gaap|567,1285
20|1|Ganesa|1433,818
20|1|Garuna|499,301;513,388;458,394
20|1|Giant golem|106,1273;140,1486;78,1399
20|1|Glyptodont|1284,385;1432,607;1390,643
20|1|GOBLIN bouncer|1700,1936;1777,1950
20|1|GRAY OOZY|1685,666;1684,690;1683,713
20|1|GRELL|1850,1443;1817,1456;1786,1490;1895,1481;1864,1497
20|1|Hagentee|1034,1641;1040,1633;1045,1643;1035,1651;1048,1635
20|1|Half-Troll Warrior|639,1572
20|1|Harpy|357,895;155,865;442,885;204,927;136,770;123,1008
20|1|Haunga|518,576;737,599;664,615;580,609;1367,1214;1344,1241
20|1|Haunga Warrior|743,535;792,498;878,425;1021,414
20|1|Hell hound|1934,1560;1934,1603;1938,1654;1891,1541;1929,1515
20|1|HORNET|1231,1125;635,836;611,912;627,1044;645,940;609,979;1258,1110
20|1|Hyde|1279,548
20|1|Keilan|1345,670;1346,698;1356,729;1369,759
20|1|King Aif|1255,178;1814,711
20|1|KOBOLD|1754,1858;1788,1839;1801,1864;1642,1779;1661,1758;1674,1785
20|1|Kongau|782,285;716,327;653,297;612,380
20|1|Laird|770,927;824,919
20|1|Lamia|654,1103;609,1098
20|1|Lard Orc|1858,1652;1814,1615
20|1|LICH|1355,1871;1332,1776;1338,1821
20|1|Loup-garou|1462,455;1545,551;1564,548;1483,458
20|1|Machirodus|1722,1022;1784,1023;1765,1111;1764,1076;1118,423;1082,416
20|1|Manticore|403,1845;465,1916;603,1891
20|1|Mastodon|1195,188;1368,862
20|1|Meganthereon|1081,843;1084,817;1927,1031;1920,1053;1938,1005;1956,984;1896,994;1893,1014
20|1|Megarodon|1258,154;1353,923
20|1|Merias|1025,1412
20|1|Niverius|1040,1641
20|1|Orias|1032,1413;1032,1402;1023,1396;1031,1422;1042,1408
20|1|Orobeth|485,879;478,883;487,888;487,876;479,871
20|1|Ose|575,1278;573,1287;561,1286;560,1274;567,1279
20|1|Panzer Bin|1676,626;1663,599;1617,659;1610,630
20|1|paralyzer|1266,452;1233,431
20|1|Pincers scorpion|1344,456;1337,394
20|1|POOKA|1731,1907;1736,1938;1771,1923;1666,1925
20|1|Raven Harpy|131,691;376,701;310,584;242,687
20|1|Rotten Eyes|1024,707;1013,625
20|1|saber tooth|1736,1176;1729,1129;1581,1128;1573,1086;1726,1080
20|1|Savage|1286,341
20|1|Scolar|1435,1445;1463,1485;1423,1402;861,518
20|1|Scorpion|1444,419;1410,405
20|1|scouting soldier|1486,957
20|1|Shadow seeker|1318,985;1310,1031;1415,1037
20|1|Sheriff|801,624
20|1|Skeleton|1249,552;1249,581;1323,604;1326,576
20|1|Skeleton champion|1148,727;1122,734
20|1|Skeleton knight|1224,619;1216,639
20|1|Skeleton warrior|1295,722;1286,699
20|1|Smilodon|1418,912;1630,1080;1422,881;1406,966;1394,993;1448,937;1457,964;1651,1101;1649,1122;1629,1062;1586,1038;1586,1056;1623,1146;1622,1164
20|1|Stegodon|1206,251;1581,1684
20|1|Stinger|1251,347
20|1|Stone golem|96,1204;234,1491;78,1454;154,1324
20|1|treant|945,1813;892,1852;890,1909;943,1684
20|1|Troll|602,1528;942,1587;721,1693;505,1653;668,1512
20|1|Troll Warrior|861,1536;874,1613;641,1664;576,1580;675,1562
20|1|Tyon|1509,885;1610,834;1545,793;1684,838;1688,776
20|1|undying|974,737;985,633
20|1|Uruk Blade|356,1596;394,1579;393,1622;288,1687
20|1|Uruk Hai|396,1468;427,1489;390,1427;316,1494
20|1|Uruk Tron|475,1691;509,1723;535,1775
20|1|Wild smilodon|1306,1128;1267,1151
20|1|Wolf Dog|1278,313
20|0|<Draki Rift>|1605,449
20|0|[10 Devil Summon Stone]|749,655
20|0|[11 Devil Summon Stone]|1620,987
20|0|[12 Devil Summon Stone]|1291,554
20|0|[7 Devil Summon Stone]|656,1834
20|0|[8 Devil Summon Stone]|332,1627
20|0|[9 Devil Summon Stone]|975,1425
20|0|[Advisor]Nez|1703,314
20|0|[Archmage] Drake|372,1225
20|0|[Armor Merchant]Tyroon|1630,418;282,1181;1655,1402
20|0|[Arms Merchant]Pallus|1649,403;279,1215;1688,1383
20|0|[Captain] Falkwine|1645,332
20|0|[Captain]redin|253,423
20|0|[El Morad Secret Locker]|1721,303
20|0|[Elder] Atlas|1650,332
20|0|[Election Official]Roben|1718,288
20|0|[Goblin cauldron]|1652,1822
20|0|[Goblin food box]|1697,1947
20|0|[Goblin Subjugation]Wells|1838,1788
20|0|[Goblin wells]|1736,1889
20|0|[Grand Chamberlain]Laisa|1735,304
20|0|[Great Priest] Helena|1686,380;1607,1349;276,1255
20|0|[Guard] Beth|297,1238
20|0|[Guard] Cheina|1675,1357
20|0|[Guard] Zalk|1591,421
20|0|[Healing Potions]Ruber|1679,1337;1601,393;369,1180
20|0|[Hunter]Halon|1051,1101
20|0|[Imperial Palace Chef] Veros|1702,355
20|0|[Imperial Palace Guard] Telson|1673,314
20|0|[InnHost]Lined|1688,369;1599,1360;278,1262
20|0|[Knight Clerk]Charel|1709,308
20|0|[Machinary] Tales|1066,1126
20|0|[Magic Association] Knoker|1104,1905
20|0|[Manager Eliot|1536,246
20|0|[mantle]Sarvis|1654,328
20|0|[Mariners]hein|231,427
20|0|[Mariners]Kidd|244,425
20|0|[Moradon Merchant] Clark|1602,433
20|0|[National Enchanter]|1065,1123;1101,725;1142,1825;1662,1379;302,1217;1636,386
20|0|[NP Merchant] Leona|1703,311
20|0|[Oracle] Clak|1086,1847
20|0|[Pitman] kurushack|1476,431;1592,432
20|0|[Priest]Minerva|1657,325
20|0|[Priest]Sol|1610,445
20|0|[Secret Agent] Clarence|1631,1333
20|0|[Subjugation staff]Grey|1817,1782
20|0|[Sundries]Yasval|1619,365;1615,1396;375,1256;1101,1133
20|0|[Tactical]Grace|1706,322
20|0|[Tomb Keeper] Slay|1107,703
20|0|[Warrior Master] Skaki|1661,321
20|0|[White Shadow Captin] Sirin|1665,396
20|0|Asga Village Monument|1641,1371
20|0|Contaminated Elmorad Refugee|1578,411;1577,414;1581,409
20|0|Doda Camp Gate|224,1864
20|0|Doda Camp Monument|1055,1140
20|0|El Morad Monument|1709,314
20|0|Elmorad Bulletine Board|1617,435
20|0|Elmorad Refugee|1569,421;1570,420;1572,418;1573,420
20|0|Eslant Woman|710,186
20|0|Farm Manager|1668,878
20|0|Fina|175,1650
20|0|Guard|1645,1361;324,1284;1664,360;1696,325;1574,426;1599,452;1651,1315;1633,1417;325,1217;326,1166
20|0|Human Monument|170,1654
20|0|Keeper of the Key|318,1637;658,673;1593,410;1884,701
20|0|Leia|1580,420;178,1654
20|0|Linguist|1611,432
20|0|Lunar Gate Sentinel|147,1831
20|0|Margaret|1713,324
20|0|Patroller of the Key|306,1252;555,826;1231,549;1606,994
20|0|Prison|1191,127;1213,121;1239,117;1268,121;1290,136
20|0|Protector of the Key|1114,864;1773,1160;343,1675;1105,681
20|0|Raiba Bullutain Board|309,1199
20|0|Raiba Village Monument|324,1228
20|0|Ranger of the Key|1666,892;1605,539;948,379;604,1230
20|0|Recon|1487,952
20|0|Recon of the Key|1737,1542;1691,1751;1094,1807;1661,1330
20|0|Runaway slaves|1139,1859
20|0|Sadi|1570,430
20|0|Sara|317,1223;176,1659
20|0|Sentinel of the Key|1676,1007;1313,519;961,353;670,189
20|0|Spirit Of Logos|346,1127;330,1638;1056,1635;1607,995;1490,1579;1551,460;656,670;974,379
20|0|Tower of Power|1623,400
20|0|Watcher of the Key|1632,1042;954,1356;1128,1809;784,665
110|1|[Betrayed Knights] Garoland|737,930
110|1|[King of Barbarian] Marshil|144,74
110|1|[Quest]Apostle|867,391
110|1|[Quest]Stone Golem|99,122
110|1|[Quest]Troll Berserker|786,710
110|1|[Quest]Uruk Hai|390,492
110|1|Aionclo|398,724;413,738;395,729;403,724;411,725
110|1|Apostle|590,458;575,495;608,480;573,466
110|1|Apostle of Flames|889,441;826,323
110|1|Apostle of Piercing Cold|632,117;696,191
110|1|Astalod|745,735
110|1|Badin|205,681
110|1|Balam|369,101;371,99;359,109;359,108;371,98
110|1|Balrog|948,196;938,168;933,228;957,139
110|1|Bearded Ruminant|800,930;834,924;876,916;900,893
110|1|Befal|217,691;214,677;213,668;218,666;194,672
110|1|Brahman|621,306;613,232
110|1|Crimson Wing|385,125;142,530;122,476;410,176
110|1|Dark Knight|113,699;375,945;103,763;314,946
110|1|DARK MARE|102,854;109,894
110|1|Dark stone|95,167;148,131
110|1|Death Wizard|362,730;386,735;387,745;368,734;375,728
110|1|Deruvish founder|189,296
110|1|Doom Knight|381,804;387,785;400,815;407,797;396,807
110|1|Doom Soldier|354,753;287,745
110|1|Dragon tooth|185,893
110|1|Dragon Tooth commander|425,656;444,641;439,654;421,634;458,675
110|1|DREAD MARE|153,943;223,943
110|1|Evil Wizard|177,809;216,814;226,884;187,880
110|1|Falcon|141,375;204,345;301,100;235,283
110|1|Gagoil|258,649
110|1|Giant golem|824,113;883,87
110|1|Grendel|749,255
110|1|Grendel Mother|770,218
110|1|Half-Troll Busucker|662,875;670,860;642,895;655,890;691,885
110|1|Half-Troll Captain|711,819;688,833;693,834;716,819;734,808
110|1|Half-Troll Curandero|644,675;664,655;667,640;644,670;629,655
110|1|Harpy|449,483;442,460;456,447;433,431;446,458
110|1|Harpy Queen|390,220
110|1|Ireful Red Dragon|955,250
110|1|Jepath|896,233
110|1|Kaim|748,705;739,698;730,709;745,722;730,720
110|1|Nightmare|879,306;906,275;881,280;908,275
110|1|Paramun|682,380;763,443
110|1|Pricilla|130,116
110|1|Raum|807,167;821,164;813,165;789,173
110|1|Raven Harpy|411,298;340,487;409,384;263,514
110|1|Roneth|368,108
110|1|Samma|465,253
110|1|Satiros|888,734;891,730;892,740;912,734;903,755
110|1|Shaula|855,360
110|1|Snake Queen|897,160
110|1|Stone golem|222,122;182,189;229,201
110|1|Storming Apostle|719,315;714,335;750,307;730,330;740,322
110|1|Subordinate of Badin|200,683;201,705;197,683;171,662;170,703;168,662;161,692;176,673;158,685;148,693;164,673;188,695;144,685;136,680
110|1|Subordinate of Garlong|731,919;765,919;767,923;730,921;761,922;747,929;746,929;756,939;736,925;741,922;739,914;765,927;742,922;722,929;733,922
110|1|Subordinate of Marsil|170,82;147,88;168,73;163,83;147,73;171,83;157,92;165,72;145,87;146,89;131,90;139,105;132,80;141,90;136,104
110|1|Talos|699,516
110|1|Titan|881,834;881,781
110|1|Troll|627,618;627,599;590,637;612,642;624,641
110|1|Troll Berserker|799,720;869,652
110|1|Troll Captain|729,872;776,804
110|1|Troll King|814,872
110|1|Troll Shaman|722,657;708,642
110|1|Troll Warrior|595,792;574,884;651,719
110|0|[3 Devil Summon Stone]|746,239
110|0|[4 Devil Summon Stone]|739,856
110|0|[5 Devil Summon Stone]|134,915
110|0|[6 Devil Summon Stone]|163,142
110|0|[Ascetic]Veda|518,525
110|0|[Eslant Wise] Pablo|503,543
110|0|[Item Appraisers]rakkeoseu|386,660
110|0|[Magic Association]Cesar|512,741
110|0|[Magic Association]malraseu|511,745
110|0|[Reserve Knight Captain] Rugur|583,555
110|0|[Reserve Knight]Hill|497,547
110|0|[Senior Researcher]Gaz|512,736
110|0|[Traders]Drill|384,664
110|0|Ardin[sundries]|498,565
110|0|Guard|509,594;528,593;512,516;480,548;479,563;529,517;560,546;559,565
110|0|Inn hostess|509,575
110|0|Mars|530,535
110|0|Prison|135,79;148,74;158,74;169,76;133,88;150,666;140,676;137,682;135,692;154,662;736,930;744,930;760,932;769,931;729,930
110|0|Spirit Of Logos|722,381;698,212;157,123;224,519;200,687;237,892;602,858;892,754
120|1|[Betrayed Knights] Garoland|742,933
120|1|[King of Barbarian] Marshil|135,79
120|1|[Quest]Giant golem|109,181
120|1|[Quest]Lard Orc|514,385
120|1|[Quest]Troll Captain|762,896
120|1|[Quest]Uruk Tron|707,123
120|1|Aionclo|418,709;408,718;406,721;412,712;398,707
120|1|Apostle|604,449;588,463;581,433;576,467;614,460
120|1|Apostle of Flames|806,300;884,433
120|1|Apostle of Piercing Cold|635,137;699,217
120|1|Astalod|782,647
120|1|Badin|141,674
120|1|Balam|352,95;345,94;338,91;350,99
120|1|Balrog|945,187;932,152;934,227;900,190
120|1|Bearded Ruminant|788,934;816,929;854,927;886,908
120|1|Befal|147,656;145,675;153,670;144,682;134,677
120|1|Brahman|613,224;615,295
120|1|Crimson Wing|140,531;413,180;395,114;121,464
120|1|Dark Knight|395,794;103,756;95,695;340,957
120|1|DARK MARE|102,833;102,899
120|1|Dark stone|98,132;174,138;168,128
120|1|Death Wizard|313,710;303,713;308,722;316,725
120|1|Deruvish founder|189,296
120|1|Doom Knight|391,792;395,823;397,832;401,812
120|1|Doom Soldier|271,734;357,719
120|1|Dragon tooth|185,893
120|1|Dragon Tooth commander|451,605;448,608;432,609;453,661;454,629
120|1|DREAD MARE|164,944;244,944
120|1|Evil Wizard|170,808;176,874;211,812;216,879
120|1|Falcon|140,374;241,323;299,99
120|1|Gagoil|257,648
120|1|Giant golem|856,110;788,104
120|1|Grendel|727,261
120|1|Grendel Mother|770,228
120|1|Half-Troll Busucker|659,885;625,889;626,897;663,903;647,908
120|1|Half-Troll Captain|693,823;686,822;647,838;671,836;687,838
120|1|Half-Troll Curandero|659,643;664,646;658,659;655,673;658,642
120|1|Halion|963,116
120|1|Harpy|440,484;432,490;440,500;450,484;446,467
120|1|Harpy Queen|390,220
120|1|Ireful Red Dragon|960,338
120|1|Jepath|812,168
120|1|Kaim|796,654;757,686;773,668;785,672;775,682
120|1|Nightmare|893,247;917,220;916,226;914,231
120|1|Paramun|756,440;683,377
120|1|Pricilla|133,126
120|1|Raum|807,167;821,164;813,165;789,173
120|1|Raven Harpy|351,475;417,372;411,270;274,515
120|1|Roneth|359,108
120|1|Samma|465,253
120|1|Satiros|882,726;888,732;886,748;896,735;855,739
120|1|Shaula|855,360
120|1|Snake Queen|897,160
120|1|Stone golem|182,189;238,224;236,150
120|1|Storming Apostle|729,344;737,344;746,330;753,328;749,358
120|1|Subordinate of Badin|157,672;154,693;150,695;186,673;167,686;156,699;153,685;174,682;146,664;144,676;153,698;144,668;140,702;133,683;140,670
120|1|Subordinate of Garlong|717,930;761,926;745,932;748,929;734,934;730,921;753,921;761,921;729,926;744,929;777,927;783,920;775,921;722,926;770,929
120|1|Subordinate of Marsil|145,90;146,82;163,88;172,101;171,103;144,85;149,81;158,77;144,99;142,94;131,87;127,84;131,71;129,91;133,92
120|1|Talos|699,516
120|1|Titan|881,844;876,779
120|1|Troll|598,656;587,662;597,672;593,666
120|1|Troll Berserker|775,737;864,658
120|1|Troll Captain|616,737;705,888;736,813
120|1|Troll King|814,872
120|1|Troll Shaman|709,662;744,593
120|1|Troll Warrior|631,728;571,891;590,805
120|0|[3 Devil Summon Stone]|746,239
120|0|[4 Devil Summon Stone]|739,856
120|0|[5 Devil Summon Stone]|134,915
120|0|[6 Devil Summon Stone]|163,142
120|0|[Ascetic] Tabeth|517,526
120|0|[Eslant Wise] Man|497,545
120|0|[Item Appraisers]Disney|385,660
120|0|[Magic Association]pelroreu|511,745
120|0|[Magic Association]reyisa|515,743
120|0|[Reserve Knight Captain] Bel|583,555
120|0|[Reserve Knight]Lily|497,547
120|0|[Senior Researcher]aldoseu|512,740
120|0|[Traders]Ellen|383,663
120|0|Earth|530,535
120|0|Guard|512,516;509,594;528,593;480,548;479,563;529,517;560,546;559,565
120|0|Halber[sundries]|498,565
120|0|Inn hostess|509,575
120|0|Prison|135,79;148,74;158,74;169,76;133,88;150,666;140,676;137,682;135,692;154,662;760,932;769,931;729,930;744,930;736,930
120|0|Spirit Of Logos|722,381;698,212;157,123;224,519;200,687;237,892;602,858;892,754
130|1|[Betrayed Knights] Garoland|737,930
130|1|[King of Barbarian] Marshil|144,74
130|1|[Quest]Apostle|867,391
130|1|[Quest]Stone Golem|99,122
130|1|[Quest]Troll Berserker|786,710
130|1|[Quest]Uruk Hai|390,492
130|1|Aionclo|398,724;413,738;395,729;403,724;411,725
130|1|Apostle|573,466;590,458;575,495;608,480
130|1|Apostle of Flames|889,441;826,323
130|1|Apostle of Piercing Cold|632,117;696,191
130|1|Astalod|745,735
130|1|Badin|205,681
130|1|Balam|369,101;371,99;359,109;359,108;371,98
130|1|Balrog|948,196;938,168;933,228;957,139
130|1|Bearded Ruminant|800,930;834,924;876,916;900,893
130|1|Befal|217,691;214,677;213,668;218,666;194,672
130|1|Brahman|621,306;613,232
130|1|Crimson Wing|410,176;385,125;142,530;122,476
130|1|Dark Knight|113,699;375,945;103,763;314,946
130|1|DARK MARE|102,854;109,894
130|1|Dark stone|95,167;148,131
130|1|Death Wizard|362,730;386,735;387,745;368,734;375,728
130|1|Deruvish founder|189,296
130|1|Doom Knight|381,804;387,785;400,815;407,797;396,807
130|1|Doom Soldier|354,753;287,745
130|1|Dragon tooth|185,893
130|1|Dragon Tooth commander|425,656;444,641;439,654;421,634;458,675
130|1|DREAD MARE|153,943;223,943
130|1|Evil Wizard|187,880;177,809;216,814;226,884
130|1|Falcon|141,375;204,345;301,100;235,283
130|1|Gagoil|258,649
130|1|Giant golem|883,87;824,113
130|1|Grendel|749,255
130|1|Grendel Mother|770,218
130|1|Half-Troll Busucker|662,875;670,860;642,895;655,890;691,885
130|1|Half-Troll Captain|711,819;688,833;693,834;716,819;734,808
130|1|Half-Troll Curandero|644,675;664,655;667,640;644,670;629,655
130|1|Harpy|449,483;442,460;456,447;433,431;446,458
130|1|Harpy Queen|390,220
130|1|Ireful Red Dragon|955,250
130|1|Jepath|896,233
130|1|Kaim|748,705;739,698;730,709;745,722;730,720
130|1|Nightmare|879,306;906,275;881,280;908,275
130|1|Paramun|682,380;763,443
130|1|Pricilla|130,116
130|1|Raum|807,167;821,164;813,165;789,173
130|1|Raven Harpy|411,298;340,487;409,384;263,514
130|1|Roneth|368,108
130|1|Samma|465,253
130|1|Satiros|888,734;891,730;892,740;912,734;903,755
130|1|Shaula|855,360
130|1|Snake Queen|897,160
130|1|Stone golem|222,122;182,189;229,201
130|1|Storming Apostle|719,315;714,335;750,307;730,330;740,322
130|1|Subordinate of Badin|200,683;201,705;197,683;171,662;170,703;168,662;161,692;176,673;158,685;148,693;164,673;188,695;144,685;136,680
130|1|Subordinate of Garlong|731,919;765,919;767,923;730,921;761,922;747,929;746,929;756,939;736,925;741,922;739,914;765,927;742,922;722,929;733,922
130|1|Subordinate of Marsil|170,82;147,88;168,73;163,83;147,73;171,83;157,92;165,72;145,87;146,89;131,90;139,105;132,80;141,90;136,104
130|1|Talos|699,516
130|1|Titan|881,834;881,781
130|1|Troll|627,618;627,599;590,637;612,642;624,641
130|1|Troll Berserker|799,720;869,652
130|1|Troll Captain|729,872;776,804
130|1|Troll King|814,872
130|1|Troll Shaman|722,657;708,642
130|1|Troll Warrior|595,792;574,884;651,719
130|0|[3 Devil Summon Stone]|746,239
130|0|[4 Devil Summon Stone]|739,856
130|0|[5 Devil Summon Stone]|134,915
130|0|[6 Devil Summon Stone]|163,142
130|0|[Ascetic]Veda|518,525
130|0|[Eslant Wise] Pablo|503,543
130|0|[Item Appraisers]rakkeoseu|386,660
130|0|[Magic Association]Cesar|512,741
130|0|[Magic Association]malraseu|511,745
130|0|[Reserve Knight Captain] Rugur|583,555
130|0|[Reserve Knight]Hill|497,547
130|0|[Senior Researcher]Gaz|512,736
130|0|[Traders]Drill|384,664
130|0|Ardin[sundries]|498,565
130|0|Guard|509,594;528,593;512,516;480,548;479,563;529,517;560,546;559,565
130|0|Inn hostess|509,575
130|0|Mars|530,535
130|0|Prison|135,79;148,74;158,74;169,76;133,88;150,666;140,676;137,682;135,692;154,662;736,930;744,930;760,932;769,931;729,930
130|0|Spirit Of Logos|722,381;698,212;157,123;224,519;200,687;237,892;602,858;892,754
140|1|[Betrayed Knights] Garoland|737,930
140|1|[King of Barbarian] Marshil|144,74
140|1|[Quest]Apostle|867,391
140|1|[Quest]Stone Golem|99,122
140|1|[Quest]Troll Berserker|786,710
140|1|[Quest]Uruk Hai|390,492
140|1|Aionclo|398,724;413,738;395,729;403,724;411,725
140|1|Apostle|573,466;590,458;575,495;608,480
140|1|Apostle of Flames|889,441;826,323
140|1|Apostle of Piercing Cold|632,117;696,191
140|1|Astalod|745,735
140|1|Badin|205,681
140|1|Balam|369,101;371,99;359,109;359,108;371,98
140|1|Balrog|948,196;938,168;933,228;957,139
140|1|Bearded Ruminant|800,930;834,924;876,916;900,893
140|1|Befal|217,691;214,677;213,668;218,666;194,672
140|1|Brahman|621,306;613,232
140|1|Crimson Wing|410,176;385,125;142,530;122,476
140|1|Dark Knight|113,699;375,945;103,763;314,946
140|1|DARK MARE|102,854;109,894
140|1|Dark stone|95,167;148,131
140|1|Death Wizard|362,730;386,735;387,745;368,734;375,728
140|1|Deruvish founder|189,296
140|1|Doom Knight|381,804;387,785;400,815;407,797;396,807
140|1|Doom Soldier|354,753;287,745
140|1|Dragon tooth|185,893
140|1|Dragon Tooth commander|425,656;444,641;439,654;421,634;458,675
140|1|DREAD MARE|153,943;223,943
140|1|Evil Wizard|187,880;177,809;216,814;226,884
140|1|Falcon|141,375;204,345;301,100;235,283
140|1|Gagoil|258,649
140|1|Giant golem|883,87;824,113
140|1|Grendel|749,255
140|1|Grendel Mother|770,218
140|1|Half-Troll Busucker|662,875;670,860;642,895;655,890;691,885
140|1|Half-Troll Captain|711,819;688,833;693,834;716,819;734,808
140|1|Half-Troll Curandero|644,675;664,655;667,640;644,670;629,655
140|1|Harpy|449,483;442,460;456,447;433,431;446,458
140|1|Harpy Queen|390,220
140|1|Ireful Red Dragon|955,250
140|1|Jepath|896,233
140|1|Kaim|748,705;739,698;730,709;745,722;730,720
140|1|Nightmare|879,306;906,275;881,280;908,275
140|1|Paramun|682,380;763,443
140|1|Pricilla|130,116
140|1|Raum|807,167;821,164;813,165;789,173
140|1|Raven Harpy|411,298;340,487;409,384;263,514
140|1|Roneth|368,108
140|1|Samma|465,253
140|1|Satiros|888,734;891,730;892,740;912,734;903,755
140|1|Shaula|855,360
140|1|Snake Queen|897,160
140|1|Stone golem|222,122;182,189;229,201
140|1|Storming Apostle|719,315;714,335;750,307;730,330;740,322
140|1|Subordinate of Badin|200,683;201,705;197,683;171,662;170,703;168,662;161,692;176,673;158,685;148,693;164,673;188,695;144,685;136,680
140|1|Subordinate of Garlong|731,919;765,919;767,923;730,921;761,922;747,929;746,929;756,939;736,925;741,922;739,914;765,927;742,922;722,929;733,922
140|1|Subordinate of Marsil|170,82;147,88;168,73;163,83;147,73;171,83;157,92;165,72;145,87;146,89;131,90;139,105;132,80;141,90;136,104
140|1|Talos|699,516
140|1|Titan|881,834;881,781
140|1|Troll|627,618;627,599;590,637;612,642;624,641
140|1|Troll Berserker|799,720;869,652
140|1|Troll Captain|729,872;776,804
140|1|Troll King|814,872
140|1|Troll Shaman|722,657;708,642
140|1|Troll Warrior|595,792;574,884;651,719
140|0|[3 Devil Summon Stone]|746,239
140|0|[4 Devil Summon Stone]|739,856
140|0|[5 Devil Summon Stone]|134,915
140|0|[6 Devil Summon Stone]|163,142
140|0|[Ascetic]Veda|518,525
140|0|[Eslant Wise] Pablo|503,543
140|0|[Item Appraisers]rakkeoseu|386,660
140|0|[Magic Association]Cesar|512,741
140|0|[Magic Association]malraseu|511,745
140|0|[Reserve Knight Captain] Rugur|583,555
140|0|[Reserve Knight]Hill|497,547
140|0|[Senior Researcher]Gaz|512,736
140|0|[Traders]Drill|384,664
140|0|Ardin[sundries]|498,565
140|0|Guard|509,594;528,593;512,516;480,548;479,563;529,517;560,546;559,565
140|0|Inn hostess|509,575
140|0|Mars|530,535
140|0|Prison|135,79;148,74;158,74;169,76;133,88;150,666;140,676;137,682;135,692;154,662;736,930;744,930;760,932;769,931;729,930
140|0|Spirit Of Logos|722,381;698,212;157,123;224,519;200,687;237,892;602,858;892,754
150|1|[Betrayed Knights] Garoland|742,933
150|1|[King of Barbarian] Marshil|135,79
150|1|[Quest]Giant golem|109,181
150|1|[Quest]Lard Orc|514,385
150|1|[Quest]Troll Captain|762,896
150|1|[Quest]Uruk Tron|707,123
150|1|Aionclo|418,709;408,718;406,721;412,712;398,707
150|1|Apostle|604,449;588,463;581,433;576,467;614,460
150|1|Apostle of Flames|806,300;884,433
150|1|Apostle of Piercing Cold|635,137;699,217
150|1|Astalod|782,647
150|1|Badin|141,674
150|1|Balam|352,95;345,94;338,91;350,99
150|1|Balrog|945,187;932,152;934,227;900,190
150|1|Bearded Ruminant|788,934;816,929;854,927;886,908
150|1|Befal|147,656;145,675;153,670;144,682;134,677
150|1|Brahman|613,224;615,295
150|1|Crimson Wing|140,531;413,180;395,114;121,464
150|1|Dark Knight|395,794;103,756;95,695;340,957
150|1|DARK MARE|102,833;102,899
150|1|Dark stone|98,132;174,138;168,128
150|1|Death Wizard|313,710;303,713;308,722;316,725
150|1|Deruvish founder|189,296
150|1|Doom Knight|391,792;395,823;397,832;401,812
150|1|Doom Soldier|271,734;357,719
150|1|Dragon tooth|185,893
150|1|Dragon Tooth commander|451,605;448,608;432,609;453,661;454,629
150|1|DREAD MARE|164,944;244,944
150|1|Evil Wizard|170,808;176,874;211,812;216,879
150|1|Falcon|140,374;241,323;299,99
150|1|Gagoil|257,648
150|1|Giant golem|856,110;788,104
150|1|Grendel|727,261
150|1|Grendel Mother|770,228
150|1|Half-Troll Busucker|659,885;625,889;626,897;663,903;647,908
150|1|Half-Troll Captain|693,823;686,822;647,838;671,836;687,838
150|1|Half-Troll Curandero|659,643;664,646;658,659;655,673;658,642
150|1|Halion|963,116
150|1|Harpy|440,484;432,490;440,500;450,484;446,467
150|1|Harpy Queen|390,220
150|1|Ireful Red Dragon|960,338
150|1|Jepath|812,168
150|1|Kaim|775,682;796,654;757,686;773,668;785,672
150|1|Nightmare|893,247;917,220;916,226;914,231
150|1|Paramun|756,440;683,377
150|1|Pricilla|133,126
150|1|Raum|807,167;821,164;813,165;789,173
150|1|Raven Harpy|351,475;417,372;411,270;274,515
150|1|Roneth|359,108
150|1|Samma|465,253
150|1|Satiros|882,726;888,732;886,748;896,735;855,739
150|1|Shaula|855,360
150|1|Snake Queen|897,160
150|1|Stone golem|182,189;238,224;236,150
150|1|Storming Apostle|729,344;737,344;746,330;753,328;749,358
150|1|Subordinate of Badin|157,672;154,693;150,695;186,673;167,686;156,699;153,685;174,682;146,664;144,676;153,698;144,668;140,702;133,683;140,670
150|1|Subordinate of Garlong|717,930;761,926;745,932;748,929;734,934;730,921;753,921;761,921;729,926;744,929;777,927;783,920;775,921;722,926;770,929
150|1|Subordinate of Marsil|145,90;146,82;163,88;172,101;171,103;144,85;149,81;158,77;144,99;142,94;131,87;127,84;131,71;129,91;133,92
150|1|Talos|699,516
150|1|Titan|881,844;876,779
150|1|Troll|598,656;587,662;597,672;593,666
150|1|Troll Berserker|775,737;864,658
150|1|Troll Captain|616,737;705,888;736,813
150|1|Troll King|814,872
150|1|Troll Shaman|709,662;744,593
150|1|Troll Warrior|631,728;571,891;590,805
150|0|[3 Devil Summon Stone]|746,239
150|0|[4 Devil Summon Stone]|739,856
150|0|[5 Devil Summon Stone]|134,915
150|0|[6 Devil Summon Stone]|163,142
150|0|[Ascetic] Tabeth|517,526
150|0|[Eslant Wise] Man|497,545
150|0|[Item Appraisers]Disney|385,660
150|0|[Magic Association]pelroreu|511,745
150|0|[Magic Association]reyisa|515,743
150|0|[Reserve Knight Captain] Bel|583,555
150|0|[Reserve Knight]Lily|497,547
150|0|[Senior Researcher]aldoseu|512,740
150|0|[Traders]Ellen|383,663
150|0|Earth|530,535
150|0|Guard|512,516;509,594;528,593;480,548;479,563;529,517;560,546;559,565
150|0|Halber[sundries]|498,565
150|0|Inn hostess|509,575
150|0|Prison|744,930;736,930;135,79;148,74;158,74;169,76;133,88;150,666;140,676;137,682;135,692;154,662;760,932;769,931;729,930
150|0|Spirit Of Logos|722,381;698,212;157,123;224,519;200,687;237,892;602,858;892,754
160|1|[Betrayed Knights] Garoland|742,933
160|1|[King of Barbarian] Marshil|135,79
160|1|[Quest]Giant golem|109,181
160|1|[Quest]Lard Orc|514,385
160|1|[Quest]Troll Captain|762,896
160|1|[Quest]Uruk Tron|707,123
160|1|Aionclo|418,709;408,718;406,721;412,712;398,707
160|1|Apostle|604,449;588,463;581,433;576,467;614,460
160|1|Apostle of Flames|806,300;884,433
160|1|Apostle of Piercing Cold|635,137;699,217
160|1|Astalod|782,647
160|1|Badin|141,674
160|1|Balam|352,95;345,94;338,91;350,99
160|1|Balrog|945,187;932,152;934,227;900,190
160|1|Bearded Ruminant|788,934;816,929;854,927;886,908
160|1|Befal|147,656;145,675;153,670;144,682;134,677
160|1|Brahman|613,224;615,295
160|1|Crimson Wing|140,531;413,180;395,114;121,464
160|1|Dark Knight|395,794;103,756;95,695;340,957
160|1|DARK MARE|102,833;102,899
160|1|Dark stone|98,132;174,138;168,128
160|1|Death Wizard|313,710;303,713;308,722;316,725
160|1|Deruvish founder|189,296
160|1|Doom Knight|391,792;395,823;397,832;401,812
160|1|Doom Soldier|271,734;357,719
160|1|Dragon tooth|185,893
160|1|Dragon Tooth commander|451,605;448,608;432,609;453,661;454,629
160|1|DREAD MARE|164,944;244,944
160|1|Evil Wizard|170,808;176,874;211,812;216,879
160|1|Falcon|140,374;241,323;299,99
160|1|Gagoil|257,648
160|1|Giant golem|856,110;788,104
160|1|Grendel|727,261
160|1|Grendel Mother|770,228
160|1|Half-Troll Busucker|659,885;625,889;626,897;663,903;647,908
160|1|Half-Troll Captain|693,823;686,822;647,838;671,836;687,838
160|1|Half-Troll Curandero|659,643;664,646;658,659;655,673;658,642
160|1|Halion|963,116
160|1|Harpy|440,484;432,490;440,500;450,484;446,467
160|1|Harpy Queen|390,220
160|1|Ireful Red Dragon|960,338
160|1|Jepath|812,168
160|1|Kaim|775,682;796,654;757,686;773,668;785,672
160|1|Nightmare|893,247;917,220;916,226;914,231
160|1|Paramun|756,440;683,377
160|1|Pricilla|133,126
160|1|Raum|807,167;821,164;813,165;789,173
160|1|Raven Harpy|351,475;417,372;411,270;274,515
160|1|Roneth|359,108
160|1|Samma|465,253
160|1|Satiros|882,726;888,732;886,748;896,735;855,739
160|1|Shaula|855,360
160|1|Snake Queen|897,160
160|1|Stone golem|182,189;238,224;236,150
160|1|Storming Apostle|729,344;737,344;746,330;753,328;749,358
160|1|Subordinate of Badin|157,672;154,693;150,695;186,673;167,686;156,699;153,685;174,682;146,664;144,676;153,698;144,668;140,702;133,683;140,670
160|1|Subordinate of Garlong|717,930;761,926;745,932;748,929;734,934;730,921;753,921;761,921;729,926;744,929;777,927;783,920;775,921;722,926;770,929
160|1|Subordinate of Marsil|145,90;146,82;163,88;172,101;171,103;144,85;149,81;158,77;144,99;142,94;131,87;127,84;131,71;129,91;133,92
160|1|Talos|699,516
160|1|Titan|881,844;876,779
160|1|Troll|598,656;587,662;597,672;593,666
160|1|Troll Berserker|775,737;864,658
160|1|Troll Captain|616,737;705,888;736,813
160|1|Troll King|814,872
160|1|Troll Shaman|709,662;744,593
160|1|Troll Warrior|631,728;571,891;590,805
160|0|[3 Devil Summon Stone]|746,239
160|0|[4 Devil Summon Stone]|739,856
160|0|[5 Devil Summon Stone]|134,915
160|0|[6 Devil Summon Stone]|163,142
160|0|[Ascetic] Tabeth|517,526
160|0|[Eslant Wise] Man|497,545
160|0|[Item Appraisers]Disney|385,660
160|0|[Magic Association]pelroreu|511,745
160|0|[Magic Association]reyisa|515,743
160|0|[Reserve Knight Captain] Bel|583,555
160|0|[Reserve Knight]Lily|497,547
160|0|[Senior Researcher]aldoseu|512,740
160|0|[Traders]Ellen|383,663
160|0|Earth|530,535
160|0|Guard|512,516;509,594;528,593;480,548;479,563;529,517;560,546;559,565
160|0|Halber[sundries]|498,565
160|0|Inn hostess|509,575
160|0|Prison|744,930;736,930;135,79;148,74;158,74;169,76;133,88;150,666;140,676;137,682;135,692;154,662;760,932;769,931;729,930
160|0|Spirit Of Logos|722,381;698,212;157,123;224,519;200,687;237,892;602,858;892,754
210|1|[ Worm Queen] hideous|629,422;647,421
210|1|[Captine] Bandiking|600,448
210|1|[Captine] Byzombie|356,962
210|1|[Captine] Gaboltin|578,217;496,619;535,234;452,623;483,583
210|1|[Captine] Kekurikang|607,333;628,303
210|1|[Captine] Keshark|522,388;482,330;457,325;505,417
210|1|[Captine] Omega throne|367,133;480,833;292,390
210|1|[Captine] Scoride|433,733;420,708
210|1|[Captine] Skelcrown|386,861;356,852
210|1|[Captine] Wolfraiger|423,451;524,791;542,690
210|1|Antares|140,731
210|1|Bandicoot|611,455;640,457
210|1|Battalion|291,929;313,952
210|1|Black Pirate Crew|808,60;814,58;815,53;805,47;798,48;798,56;817,59;824,60;829,55;817,51;808,44;794,64;792,51
210|1|Blood worm|611,384;605,428
210|1|Bulcan|543,373;543,406
210|1|Bulture|451,319;465,342
210|1|burning skeleton|276,64;130,695;131,683;126,675;328,54
210|1|Changed Worm|85,872
210|1|Crack Pursuer|339,256;344,254;345,259;340,264;335,265;364,240
210|1|Dark eyes|510,773;485,774
210|1|Death knight|72,791;60,684;163,798;161,856;164,944;199,909;62,692;83,686;92,685;75,671;88,665;76,691
210|1|Dire wolf|557,770;530,795
210|1|Gavolt|585,260;574,252
210|1|Giant bulcan|422,397;390,397
210|1|Giant gavolt|542,219;554,238
210|1|Gloomwing|472,587;491,597
210|1|Glyptodont|594,565;567,557
210|1|GRELL|54,778;46,786;42,794;48,804;58,801;62,791
210|1|Haunga|55,563;67,574;75,568;83,549;80,526;45,556
210|1|Hyde|332,140
210|1|Kecoon|605,333
210|1|Kecoon captain|636,265;666,283
210|1|Kecoon warrior|610,298;635,303
210|1|Keilan|346,767;349,794
210|1|Kekurikekukaka|525,370
210|1|Lard Orc|231,194;239,185;224,176;241,168;233,161;219,163;212,173
210|1|Looter|902,373;908,373;915,372;915,363;907,364;925,371;925,362;897,351;898,339;891,341;895,333;888,362;892,371
210|1|Loup-garou|510,716;542,681
210|1|Lycan|465,658;487,686
210|1|Mana Predator|407,224
210|1|Mastodon|60,343
210|1|Orc Watcher|331,704;336,679
210|1|paralyzer|414,782;410,805
210|1|Pincers scorpion|417,726;416,752
210|1|rabbit|672,160
210|1|Raged Captain|809,39;821,51;817,44;804,51;828,60
210|1|Rotten Eyes|359,972;356,941
210|1|saber tooth|318,166;250,480;856,784
210|1|Scavenger Bandicoot|598,471;623,473
210|1|Scorpion|411,696;402,677
210|1|Shadow Rift|402,219
210|1|Shadow seeker|573,846;546,843
210|1|Shadow Spectre|378,207;376,232;388,218;390,215;392,210
210|1|shilan|423,423;393,425
210|1|Skeleton|112,61;138,69;141,63;140,53;117,46;381,873;357,853;121,63
210|1|Skeleton champion|295,87;292,72;292,56;285,50;269,73
210|1|Skeleton knight|344,71;330,63;320,58;312,67;126,50;308,74;341,82;333,79;131,73;302,81
210|1|Skeleton warrior|97,252;106,247;114,234;110,239;107,228;97,225;103,213;108,201;94,172;77,186;85,176
210|1|Smilodon|40,133;36,125;462,816;496,821;52,112
210|1|spoiler|437,606;442,627
210|1|Stegodon|193,738
210|1|undying|295,883;320,893
210|1|Wander of Dimension|303,250;299,249;304,250;306,251;301,252
210|1|Wandering Spectre|292,259
210|1|Werewolf|418,454;393,456
210|1|Wild smilodon|369,138;290,391;298,412;309,418;315,125;326,128;349,142;360,148;460,871;486,868;340,131
210|1|Wold bulcan|510,407;514,428
210|1|Worm|632,394;645,421;776,436
210|0|[Arena Manager] Dualer|718,427
210|0|[Canyon Keeper] Skar|241,352
210|0|[CSW Manager] Aaron|803,608
210|0|[DC Sundries] Diska|758,554
210|0|[Elmo Dispatch Officer] Laidas|797,323
210|0|[Entrep Trader] Berret|392,550
210|0|[Familiar Trainer] Kate|732,546
210|0|[FolkVillage Captain] Kronil|409,555
210|0|[Grand Merchant] Kaishan|815,708
210|0|[Hepa Pupil] Shozin|705,578
210|0|[jewelry  worker]jew|920,644
210|0|[Karus Dispatch Office] Porm|881,360
210|0|[Lunar Order Priest] Blanc|832,543
210|0|[makeup artist] Ulku|924,605
210|0|[Manager]Billbor|815,668
210|0|[Mercenary adjutant]|910,767;756,529;742,529;915,717
210|0|[Mercenary adjutant] Lazer|425,527
210|0|[Mercenary Supply Officer] Osm|359,535
210|0|[Mercenary]|900,759;902,754;389,585;898,758;898,751;905,756;896,761;415,505;429,555;895,755;899,763;350,571;792,752;347,547;890,756;895,749;390,500;893,759
210|0|[National Enchanter]|243,408;393,97;403,526;343,883;76,896;827,555;680,426
210|0|[Operator] Moira|756,772
210|0|[Pitman] kurushack|663,411
210|0|[Potion] Kisiner|47,897
210|0|[Priest] Iris|815,921
210|0|[Security] Shield|816,554
210|0|[Stadium Manager] Burak|671,253;574,160;770,160;702,125;640,195
210|0|[Sundries]Lionel|419,545
210|0|[Sundries]Rabiro|84,923
210|0|[Tarot Reader] Mekin|867,597
210|0|[Unknown Mage]|337,58
210|0|[Vendor] Kaira|847,588
210|0|[VIP Manager] Juliane|797,546
210|0|[White Shadow Captin] Sirin|866,535
210|0|[White Shadow] Lord|940,370
210|0|Aban[Battlefield Gate-keeper]|758,482
210|0|Adien[Beginner helper]|797,542
210|0|Adventure|817,832
210|0|Amelie|401,541
210|0|Amrase[Handmade Weapon Arms]|765,588
210|0|Black Market Operators|463,524
210|0|Captain Kunabarl|905,548
210|0|captain[Premium PC]|840,588
210|0|Caspy[Accessory]|918,658
210|0|Chain Scarecrow|758,398;767,422;767,416
210|0|Charon|811,606
210|0|Concerning Dad|708,693
210|0|Concerning Mom|710,695
210|0|Contaminated Amelie|319,940
210|0|Dreamful Girl|721,680
210|0|Elmorad Bulletine Board|837,533
210|0|Emma (NPC)|797,550
210|0|Guard|831,539;725,629;753,753;810,502;812,491;866,753;905,618;820,502;823,491;840,491;835,491;800,491;795,491;789,540
210|0|Guard Patrick|830,554
210|0|Homeless|822,775
210|0|Inn hostess|867,648;762,649
210|0|Iron Scarecrow|758,390;776,416;776,422
210|0|iruta|843,588
210|0|Jed|352,582
210|0|Jerede[Handmade Armor]|765,596
210|0|Karus Bulletine Board|797,533
210|0|Kaul|725,538;700,538;725,518;900,476;900,483;898,473;911,459;926,488
210|0|Layoffed Guard|438,515
210|0|Leather Scarecrow|758,422;758,416;758,406
210|0|Loner|709,645
210|0|Lucky Yut|848,547
210|0|Miraselth[Warehouse Keeper]|806,617
210|0|Mysterious old man|725,743
210|0|Nameless Warrior|342,879
210|0|Pabian[Healing potion]|377,571
210|0|Potrang|804,551
210|0|Proconsul|710,594
210|0|Ptoi[Healing potion]|752,554
210|0|Pulchino|799,588
210|0|Rental[Item Rental]|819,606
210|0|Rudien[Sundries]|760,523
210|0|Santa Claus|798,601
210|0|Sharine|60,887
210|0|Sighing man|366,585
210|0|Spirit Of Logos|603,410;395,718;518,312;297,777;255,388;350,902;493,563;517,841
210|0|Suspicious Box|334,528;393,522;419,506;349,555;457,512;439,596;373,633;410,620;412,539;418,472;523,567;602,659;338,668;443,629;477,707;447,727
220|1|[ Worm Queen] hideous|629,422;647,421
220|1|[Captine] Bandiking|600,448
220|1|[Captine] Byzombie|356,962
220|1|[Captine] Gaboltin|578,217;496,619;535,234;452,623;483,583
220|1|[Captine] Kekurikang|628,303;607,333
220|1|[Captine] Keshark|522,388;482,330;457,325;505,417
220|1|[Captine] Omega throne|367,133;480,833;292,390
220|1|[Captine] Scoride|433,733;420,708
220|1|[Captine] Skelcrown|386,861;356,852
220|1|[Captine] Wolfraiger|423,451;524,791;542,690
220|1|Antares|140,731
220|1|Bandicoot|611,455;640,457
220|1|Battalion|291,929;313,952
220|1|Black Pirate Crew|808,60;814,58;815,53;805,47;798,48;798,56;817,59;824,60;829,55;817,51;808,44;794,64;792,51
220|1|Blood worm|611,384;605,428
220|1|Bulcan|543,373;543,406
220|1|Bulture|451,319;465,342
220|1|burning skeleton|276,64;130,695;131,683;126,675;328,54
220|1|Changed Worm|85,872
220|1|Crack Pursuer|339,256;344,254;345,259;340,264;335,265;364,240
220|1|Dark eyes|510,773;485,774
220|1|Death knight|76,691;72,791;60,684;163,798;161,856;164,944;199,909;62,692;83,686;92,685;75,671;88,665
220|1|Dire wolf|557,770;530,795
220|1|Gavolt|585,260;574,252
220|1|Giant bulcan|422,397;390,397
220|1|Giant gavolt|542,219;554,238
220|1|Gloomwing|472,587;491,597
220|1|Glyptodont|594,565;567,557
220|1|GRELL|54,778;46,786;42,794;48,804;58,801;62,791
220|1|Haunga|55,563;67,574;75,568;83,549;80,526;45,556
220|1|Hyde|332,140
220|1|Kecoon|605,333
220|1|Kecoon captain|636,265;666,283
220|1|Kecoon warrior|610,298;635,303
220|1|Keilan|346,767;349,794
220|1|Kekurikekukaka|525,370
220|1|Lard Orc|231,194;239,185;224,176;241,168;233,161;219,163;212,173
220|1|Looter|902,373;908,373;915,372;915,363;907,364;925,371;925,362;897,351;898,339;891,341;895,333;888,362;892,371
220|1|Loup-garou|510,716;542,681
220|1|Lycan|465,658;487,686
220|1|Mana Predator|407,224
220|1|Mastodon|60,343
220|1|Orc Watcher|331,704;336,679
220|1|paralyzer|414,782;410,805
220|1|Pincers scorpion|417,726;416,752
220|1|rabbit|672,160
220|1|Raged Captain|809,39;821,51;817,44;804,51;828,60
220|1|Rotten Eyes|356,941;359,972
220|1|saber tooth|318,166;250,480;856,784
220|1|Scavenger Bandicoot|598,471;623,473
220|1|Scorpion|411,696;402,677
220|1|Shadow Rift|402,219
220|1|Shadow seeker|573,846;546,843
220|1|Shadow Spectre|378,207;376,232;388,218;390,215;392,210
220|1|shilan|423,423;393,425
220|1|Skeleton|112,61;138,69;141,63;140,53;117,46;121,63;381,873;357,853
220|1|Skeleton champion|295,87;292,72;292,56;285,50;269,73
220|1|Skeleton knight|131,73;302,81;344,71;330,63;320,58;312,67;126,50;308,74;341,82;333,79
220|1|Skeleton warrior|85,176;97,252;106,247;114,234;110,239;107,228;97,225;103,213;108,201;94,172;77,186
220|1|Smilodon|496,821;52,112;40,133;36,125;462,816
220|1|spoiler|437,606;442,627
220|1|Stegodon|193,738
220|1|undying|295,883;320,893
220|1|Wander of Dimension|303,250;299,249;304,250;306,251;301,252
220|1|Wandering Spectre|292,259
220|1|Werewolf|418,454;393,456
220|1|Wild smilodon|340,131;369,138;290,391;298,412;309,418;315,125;326,128;349,142;360,148;460,871;486,868
220|1|Wold bulcan|510,407;514,428
220|1|Worm|632,394;645,421;776,436
250|1|[ Worm Queen] hideous|629,422;647,421
250|1|[Captine] Bandiking|600,448
250|1|[Captine] Byzombie|356,962
250|1|[Captine] Gaboltin|578,217;496,619;535,234;452,623;483,583
250|1|[Captine] Kekurikang|628,303;607,333
250|1|[Captine] Keshark|522,388;482,330;457,325;505,417
250|1|[Captine] Omega throne|367,133;480,833;292,390
250|1|[Captine] Scoride|433,733;420,708
250|1|[Captine] Skelcrown|386,861;356,852
250|1|[Captine] Wolfraiger|423,451;524,791;542,690
250|1|Antares|140,731
250|1|Bandicoot|611,455;640,457
250|1|Battalion|291,929;313,952
250|1|Black Pirate Crew|808,60;814,58;815,53;805,47;798,48;798,56;817,59;824,60;829,55;817,51;808,44;794,64;792,51
250|1|Blood worm|611,384;605,428
250|1|Bulcan|543,373;543,406
250|1|Bulture|451,319;465,342
250|1|burning skeleton|276,64;130,695;131,683;126,675;328,54
250|1|Changed Worm|85,872
250|1|Crack Pursuer|339,256;344,254;345,259;340,264;335,265;364,240
250|1|Dark eyes|510,773;485,774
250|1|Death knight|76,691;72,791;60,684;163,798;161,856;164,944;199,909;62,692;83,686;92,685;75,671;88,665
250|1|Dire wolf|557,770;530,795
250|1|Gavolt|585,260;574,252
250|1|Giant bulcan|422,397;390,397
250|1|Giant gavolt|542,219;554,238
250|1|Gloomwing|472,587;491,597
250|1|Glyptodont|594,565;567,557
250|1|GRELL|54,778;46,786;42,794;48,804;58,801;62,791
250|1|Haunga|55,563;67,574;75,568;83,549;80,526;45,556
250|1|Hyde|332,140
250|1|Kecoon|605,333
250|1|Kecoon captain|636,265;666,283
250|1|Kecoon warrior|610,298;635,303
250|1|Keilan|346,767;349,794
250|1|Kekurikekukaka|525,370
250|1|Lard Orc|231,194;239,185;224,176;241,168;233,161;219,163;212,173
250|1|Looter|902,373;908,373;915,372;915,363;907,364;925,371;925,362;897,351;898,339;891,341;895,333;888,362;892,371
250|1|Loup-garou|510,716;542,681
250|1|Lycan|465,658;487,686
250|1|Mana Predator|407,224
250|1|Mastodon|60,343
250|1|Orc Watcher|331,704;336,679
250|1|paralyzer|414,782;410,805
250|1|Pincers scorpion|417,726;416,752
250|1|rabbit|672,160
250|1|Raged Captain|809,39;821,51;817,44;804,51;828,60
250|1|Rotten Eyes|356,941;359,972
250|1|saber tooth|318,166;250,480;856,784
250|1|Scavenger Bandicoot|598,471;623,473
250|1|Scorpion|411,696;402,677
250|1|Shadow Rift|402,219
250|1|Shadow seeker|573,846;546,843
250|1|Shadow Spectre|378,207;376,232;388,218;390,215;392,210
250|1|shilan|423,423;393,425
250|1|Skeleton|112,61;138,69;141,63;140,53;117,46;381,873;357,853;121,63
250|1|Skeleton champion|295,87;292,72;292,56;285,50;269,73
250|1|Skeleton knight|131,73;302,81;344,71;330,63;320,58;312,67;126,50;308,74;341,82;333,79
250|1|Skeleton warrior|85,176;97,252;106,247;114,234;110,239;107,228;97,225;103,213;108,201;94,172;77,186
250|1|Smilodon|496,821;52,112;40,133;36,125;462,816
250|1|spoiler|437,606;442,627
250|1|Stegodon|193,738
250|1|undying|295,883;320,893
250|1|Wander of Dimension|303,250;299,249;304,250;306,251;301,252
250|1|Wandering Spectre|292,259
250|1|Werewolf|418,454;393,456
250|1|Wild smilodon|340,131;369,138;290,391;298,412;309,418;315,125;326,128;349,142;360,148;460,871;486,868
250|1|Wold bulcan|510,407;514,428
250|1|Worm|632,394;645,421;776,436
250|0|[Arena Manager] Dualer|718,427
250|0|[Canyon Keeper] Skar|241,352
250|0|[CSW Manager] Aaron|803,608
250|0|[DC Sundries] Diska|758,554
250|0|[Elmo Dispatch Officer] Laidas|797,323
250|0|[Entrep Trader] Berret|392,550
250|0|[Familiar Trainer] Kate|732,546
250|0|[FolkVillage Captain] Kronil|409,555
250|0|[Grand Merchant] Kaishan|815,708
250|0|[Hepa Pupil] Shozin|705,578
250|0|[jewelry  worker]jew|920,644
250|0|[Karus Dispatch Office] Porm|881,360
250|0|[Lunar Order Priest] Blanc|832,543
250|0|[makeup artist] Ulku|924,605
250|0|[Manager]Billbor|815,668
250|0|[Mercenary adjutant]|756,529;742,529;915,717;910,767
250|0|[Mercenary adjutant] Lazer|425,527
250|0|[Mercenary Officer]|827,548
250|0|[Mercenary Supply Officer] Osm|359,535
250|0|[Mercenary]|900,759;902,754;389,585;898,758;898,751;905,756;896,761;415,505;429,555;895,755;899,763;350,571;792,752;347,547;890,756;895,749;390,500;893,759
250|0|[National Enchanter]|821,548;680,426;243,408;393,97;403,526;343,883;76,896
250|0|[Pitman] kurushack|663,411
250|0|[Potion] Kisiner|47,897
250|0|[Priest] Iris|815,921
250|0|[Security] Shield|816,523
250|0|[Stadium Manager] Burak|640,195;671,253;574,160;770,160;702,125
250|0|[Sundries]Lionel|419,545
250|0|[Sundries]Rabiro|84,923
250|0|[Tarot Reader] Mekin|867,597
250|0|[Unknown Mage]|337,58
250|0|[Vendor] Kaira|790,588;847,588
250|0|[VIP Manager] Juliane|797,546
250|0|[White Shadow Captin] Sirin|866,535
250|0|[White Shadow] Lord|940,370
250|0|Aban[Battlefield Gate-keeper]|758,482
250|0|Adien[Beginner helper]|797,542
250|0|Adventure|817,832
250|0|Amelie|401,541
250|0|Amrase[Handmade Weapon Arms]|765,588
250|0|Black Market Operators|463,524
250|0|Captain Kunabarl|905,548
250|0|captain[Premium PC]|795,588;840,588
250|0|Caspy[Accessory]|918,658
250|0|Chain Scarecrow|758,398;767,422;767,416
250|0|Charon|811,606
250|0|Concerning Dad|708,693
250|0|Concerning Mom|710,695
250|0|Contaminated Amelie|319,940
250|0|Dreamful Girl|721,680
250|0|Elmorad Bulletine Board|837,533
250|0|Guard|789,540;831,539;725,629;753,753;810,502;812,491;866,753;905,618;820,502;823,491;840,491;835,491;800,491;795,491
250|0|Guard Patrick|824,548
250|0|Homeless|822,775
250|0|Inn hostess|867,648;762,649
250|0|Iron Scarecrow|758,390;776,416;776,422
250|0|iruta|843,588;784,588
250|0|Jed|352,582
250|0|Jerede[Handmade Armor]|765,596
250|0|Karus Bulletine Board|797,533
250|0|Kaul|900,476;900,483;898,473;911,459;926,488;725,538;700,538;725,518
250|0|Layoffed Guard|438,515
250|0|Leather Scarecrow|758,422;758,416;758,406
250|0|Loner|709,645
250|0|Lucky Yut|848,547
250|0|Miraselth[Warehouse Keeper]|756,771
250|0|Mysterious old man|725,743
250|0|Nameless Warrior|342,879
250|0|Pabian[Healing potion]|377,571
250|0|Potrang|804,551
250|0|Proconsul|710,594
250|0|Ptoi[Healing potion]|752,554
250|0|Pulchino|799,588
250|0|Rental[Item Rental]|819,606
250|0|Rudien[Sundries]|760,523
250|0|Santa Claus|798,601
250|0|Sexy Santa[Parfait]|803,588
250|0|Sharine|60,887
250|0|Sighing man|366,585
250|0|Spirit Of Logos|603,410;395,718;518,312;297,777;255,388;350,902;493,563;517,841
250|0|Suspicious Box|349,555;457,512;439,596;373,633;410,620;412,539;418,472;523,567;602,659;338,668;443,629;477,707;447,727;334,528;393,522;419,506
300|1|Dark eyes|537,221
300|1|Dire wolf|486,212
300|1|Lobo|549,221
300|1|Loup-garou|508,228
300|1|Lycan|520,228
300|1|Shadow seeker|466,204
300|1|Watcher|605,1006;616,1007;616,1014;626,1014;605,1015;595,1006;596,1015;588,1015;579,1017;625,1006
300|0|Elrond[Siege War Weapons]|497,782
300|0|Esadia[Inn]|449,831
300|0|Hures[Sundries]|438,871
300|0|Nion[Potions]|566,839
300|0|Pinrod[Armors]|567,877
300|0|Rorendil[Arms]|553,934
310|1|Ape|776,186;800,174;808,191;757,169
310|1|Ashiton|749,588;144,497;227,509;169,454;162,559;742,584;746,594;746,586;138,286;142,294;137,352;139,306;739,592;735,578;136,342;735,584
310|1|Ego|241,747;214,775;223,755;263,764;254,784;254,748;213,764;227,768;237,786
310|1|Envy|502,146;549,211;491,211;558,158
310|1|Glutton|820,776;797,788;825,789;791,770;808,770;838,778;809,796;799,761;778,787;791,806
310|1|Greed|762,179;788,179;814,178
310|1|Guard tower|637,796;480,788;524,776;629,769;607,901;501,783;561,866;638,896;512,840;643,819;557,843;567,885
310|1|Harpy|170,166;185,179;139,152
310|1|Lamiros|526,218;532,143;477,180;566,182
310|1|Lust|177,173;149,154;130,150;160,172;160,162
310|1|Sloth|493,458;411,514;453,462;408,467;432,427;470,409;504,422;473,512;471,436;398,495
310|1|The Messenger of Patoz|946,170;940,196;960,204;960,168;950,184
310|1|Ultima|957,183
310|1|Wrath|658,348;660,368;643,367;631,359;644,351;627,375;650,387
310|0|[Potion] Kisiner|316,173;888,577
310|0|Ardin[sundries]|86,723
310|0|Halber[sundries]|252,953
310|0|Inn hostess|246,954;80,721
310|0|Raina[Healing potion]|241,954
320|1|Black widow|160,220;132,210;149,223;163,195;137,196;167,210;149,190;139,221;137,339;161,341;142,210;158,210;123,329;140,330;161,330;138,315;150,313;163,316;171,329;151,339
320|1|burning skeleton|350,223;365,89;335,90;349,209
320|1|Cave leech|50,154;62,168;62,47;34,49;52,182;36,169;71,289;28,288;51,308;49,289;49,267
320|1|Dark eyes|268,152;468,394
320|1|Dire wolf|475,412;276,171
320|1|fallen Angel|449,290
320|1|Ghost warrior|364,450;348,433;335,449;464,49;434,49;449,32
320|1|gloom  hound|260,409;268,289;232,289;250,270;242,306;262,289;233,410;268,409;248,419;249,396;236,398;253,302
320|1|Lobo|231,192;431,432
320|1|Orc bandit|349,239;49,79;49,201;49,320;50,441;150,122;249,439;249,319;349,121;349,360;349,480;449,80;449,200;449,321;450,437;149,358;150,241;150,477;249,82;249,196
320|1|Orc bandit archer|423,412
320|1|Phantom|348,329
320|1|Reaper|447,170
320|1|Shadow|132,451;163,459;161,435;146,432;133,442;162,449;152,461;264,64;266,34;233,34;277,50;221,50;235,64;267,63;175,445;139,452;231,29;237,49;250,63;261,49;248,35;153,464;140,465
320|1|Shadow seeker|230,152;430,393
320|1|Solid Bin|70,409;44,410;49,388;63,419;38,424;29,408;151,72;166,77;163,89;163,103;149,104;137,103;133,89;137,75;55,409;140,89;158,88
330|1|Centaur|316,406;292,453;291,418;334,459;338,426
330|1|Dark eyes|215,436;469,438
330|1|Dire wolf|162,437;416,437
330|1|Flame Rock|425,79;461,40;460,82;428,43
330|1|gloom  hound|190,63
330|1|GOBLIN bouncer|332,63;301,63;336,188;290,186;314,163
330|1|HOBGOBLIN|316,37;298,64;314,164;336,189
330|1|Isiloon|444,297
330|1|Isiloon's Soldier|467,296;441,156;465,174;430,174;463,176;428,177;443,294;420,292;443,278
330|1|Lobo|207,418;462,418
330|1|Lutterslan|63,45;58,73;64,163;66,210;41,187
330|1|Manticore|302,313;333,311;326,285;345,323;287,301
330|1|Orc bandit|63,231;62,356;62,482;189,99;189,230;189,353;189,463;444,358;444,229;444,107;315,356;315,230;315,480;444,463;62,96;315,95
330|1|Orc mage|79,333;76,290;34,312;95,312;62,436
330|1|Orc Watcher|63,290;65,330;36,311;63,437
330|1|Shadow seeker|170,418;425,417
330|1|Wraith|169,187;190,159;210,187;192,207;191,288;166,312;213,311;187,336
340|1|Felankor|49,74
350|1|Dark Dragon|402,397
350|1|Krowaz in Blood Red|101,235;121,103;100,374
350|1|Tarantula|285,259;285,235;259,235;259,258;272,247;433,259;413,248;405,277;426,283;423,269;281,361;275,360;266,360;254,360;246,360;233,360;229,375;241,381;263,386;272,403;263,403;255,397;244,397;230,389;334,93;330,113;310,114;312,92;319,103
350|1|Tarantula in Blood Red|270,243;423,270;313,104
350|1|Unknown dead|128,86;103,114;118,112;140,109;125,109;98,192;113,219;91,232;121,248;86,350;117,360;108,367;75,389
350|1|Wandering Knight Ghost|122,203;77,202;75,263;123,265;43,234;152,79;140,133;89,121;108,70;128,343;78,340;75,399;128,405;104,300;161,172;137,236;107,160;190,120
350|0|[Curandero] Samathran|458,110
350|0|[Pontifex] Scardy|330,417
350|0|Delos Monument|448,106
350|0|Saw blade|169,114;87,91;102,169;102,317;164,372
350|0|Unknown Tombstone|277,389
480|0|Rona[Healing potion]|137,121;118,106
510|1|Orc prisoner|97,129;115,113;142,118
510|0|Judge|145,149
520|1|Blood Don|98,129;109,111;124,104;116,151;134,121;100,116
520|0|Judge|146,152
530|1|Goblin|119,121
530|0|Judge|145,149
540|1|Caitharos|123,123
540|0|Judge|146,152
550|0|Center Altar|128,129
550|0|Judge|145,149
610|0|Ardin[sundries]|942,801
610|0|guard|777,134;788,128;603,312;609,315;613,309;616,302;621,306;617,312;613,317;218,80;214,85;208,84;210,90;218,90;222,88;225,95;220,97;215,99;214,94;312,545;306,548;302,544;301,552;305,553;310,553;311,560;305,559;299,558;87,813;97,810;105,816;79,800;86,824;89,794;104,793;105,804;115,800;115,808;119,814;126,790;126,797;127,785;132,775;143,781;144,768;154,777;156,786;145,792;147,798;138,796;133,800;136,803;134,807;126,804;116,792;109,788;842,157;827,143;816,154;803,152;798,141;807,131;818,126;833,129;843,142;836,164;823,170;827,188;803,184;811,182;797,167;785,173;780,159;770,157;767,157;780,115;788,107;799,113;765,98;771,87;781,84;793,75;753,127;747,140;752,148;749,111;746,101;752,94;766,113;837,185;839,175;765,141;945,838;812,146;945,829;954,833;949,823;934,828;939,822;944,817;937,809;931,812;926,817;928,823;935,817;943,812;605,298;599,307;604,303;610,300;608,306
610|0|Halber[sundries]|210,108
610|0|Inn hostess|289,562;608,325
610|0|Keeper|854,166;91,827
610|0|Recon|629,324;632,316;683,357;675,372;691,379;784,526;781,541;799,569;763,520;883,790;866,786;820,784;225,117;233,113;276,103;312,107;343,116;359,86;195,344;194,377;308,581;297,579;327,610;303,619;256,600;279,611;334,777;277,805;162,831;166,825;178,806;181,802;706,100;706,111;706,119;706,127;706,136;882,395;891,430;921,611;895,626;882,655;900,669;922,745;919,797;926,792
610|0|Victory Gate|103,830;859,150
610|0|Warder 1|211,79;953,840
610|0|Warder 2|308,542;599,300
620|0|[QuarterMaster]Hector|66,111
620|0|[QuarterMaster]Valtor|968,908
620|0|Citizen[sundries]|456,220;194,491
620|0|El Morad Spy|860,962
620|0|guard|138,107;868,867;868,869;888,893;452,193;177,66;181,466;188,455;193,478;198,466;279,157;330,357;852,940;58,139;64,145;84,78;97,95;112,146;155,159;158,156;161,153;541,787;542,807;668,846;798,524;807,548;70,90;85,65;105,55;139,338;881,929;357,122;869,868;894,964;150,284;157,157;160,154;162,151;171,54;531,798;550,802;558,810;726,840;793,532;804,537;814,541;371,338;869,651;864,870;865,871;866,870;867,870;907,696;914,895;912,934;942,951;947,904;951,941;470,205;471,197
620|0|Halber[sundries]|804,512;525,807
620|0|Inn hostess|192,488;523,804;454,218;801,508
620|0|Karus Spy|188,50
620|0|Keeper|74,76;948,947
620|0|Recon|773,515;862,856;209,497;481,224;698,675;846,961;953,877;114,325;314,125;487,217;852,867;912,644;961,885;218,487;780,508;852,973;693,875;516,785;522,777;635,686;643,649
620|0|Victory Gate|942,941;80,81
620|0|Warder 1|555,814;451,187
620|0|Warder 2|177,454;808,543
630|0|[QuarterMaster]Hector|123,108
630|0|[QuarterMaster]Valtor|861,888
630|0|Ardin[sundries]|102,136;707,187;675,338
630|0|El Morad Spy|956,836
630|0|guard|921,850;299,909;300,852;317,879;299,794;316,821;322,615;322,664;323,563;301,641;297,588;807,890;806,802;775,837;826,835;774,866;830,863;881,807;871,894;923,851;873,864;870,836;675,382;676,433;676,338;695,406;696,357;703,145;701,194;699,103;679,170;676,123;124,187;122,94;72,146;107,125;104,162;226,166;174,170;204,190;159,137;213,139;187,112
630|0|Halber[sundries]|286,572;328,897;896,866
630|0|Inn hostess|291,809;334,659;896,836
630|0|Karus Spy|54,162
630|0|Recon|596,608;678,639;807,619;796,547;694,899;700,791;699,866;703,828;657,849;590,898;595,843;609,789;509,907;519,846;527,789;427,901;387,848;443,808;246,851;230,808;211,889;166,843;175,799;227,613;161,667;164,595;383,616;409,567;408,657;448,636;451,590;541,659;530,561;308,437;311,353;353,388;435,430;444,342;416,388;622,383;579,343;576,423;524,420;545,368;763,385;829,319;160,429;843,400;760,171;761,130;818,208;833,153;823,100;617,145;571,189;565,122;515,158;474,191;480,118;439,153;340,168;341,120;298,123;403,184;403,110;285,151;298,176;225,405;676,567;728,599
640|0|Center Monument|506,510
640|0|Citizen[sundries]|248,215;828,777
640|0|El Morad Monument|338,309;224,468;346,636
640|0|Inn hostess|248,219;828,769
640|0|Karus Monument|687,705;796,539;661,387
640|0|Keeper|709,705;317,307
640|0|Victory Gate|700,724;330,290
640|0|Wanigan|705,245;214,660;679,453;359,551;727,465;174,593
640|0|Warder 1|683,382;323,636
640|0|Warder 2|209,468;814,539
660|0|[Elmorad Altar]|806,167
660|0|[Elmorad Spy]|825,156
660|0|[Karus Altar]|217,855
660|0|[Karus Spy]|197,866
660|0|[Potion Merchant] Amore|227,868
660|0|[QuarterInstructor] Amy|210,868
660|0|[QuarterInstructor] Dneero|807,156
660|0|[QuarterMaster] Kalson|205,868
660|0|[QuarterMaster] Walter|813,156
660|0|Beron[Sundries]|222,868
660|0|Burns Log|194,613;190,608;240,613;245,608;330,653;322,718;410,817;401,844;410,928;357,905;306,884;297,912;258,931;246,868;717,139;665,119;288,794;234,770;202,770;202,794;146,794;160,848;188,869;177,929;243,956;829,410;833,416;781,411;777,416;693,370;702,305;613,206;623,179;613,95;138,913;98,853;41,778;75,744;97,738;105,652;528,922;556,948;206,981;228,981;192,937;725,110;766,92;776,155;735,230;789,252;820,253;821,228;877,229;862,175;835,155;846,92;886,110;925,169;982,244;950,277;927,284;918,370;495,117;468,91;818,42;793,42;831,86;780,66
660|0|Contaminated Elmorad Refugee|826,373;826,361;789,370;793,358;826,369;822,361;785,370;789,358;822,369;818,362;793,366;786,358
660|0|Contaminated Karus Refugee|234,653;230,669;230,661;205,658;198,661;230,653;230,665;205,649;201,658;202,661;234,665;202,650;197,658;230,657;205,662
660|0|Elmorad Guard tower|937,182;912,291;916,388;695,388;699,291;616,219;668,179;722,152;747,232;864,232;778,334;833,333;725,235;889,235;433,80;505,80;506,153;841,38;769,38;889,153;855,150
660|0|Elmorad Refugee|789,354;818,365;790,374;785,362;793,354;818,373;822,365;786,373;789,362;793,362;821,374;826,365;793,370;818,369;793,373;789,366;785,366;786,354
660|0|Guard|796,318;815,318;938,251;953,236;867,169;873,67;875,89;842,117;834,150;776,150;816,87;815,63;796,63;795,88;796,116;737,88;737,66;705,66;705,88;790,224;821,224;815,286;806,278;797,286;806,294;895,265;892,260;891,265;710,252;706,258;710,257;459,115;475,116;475,103;459,103;207,936;207,960;227,959;227,936;238,918;196,917;188,871;246,873;287,936;286,955;317,955;317,937;234,798;201,798;135,958;156,852;149,956;70,786;84,772;209,705;227,704;296,752;302,749;298,748;390,872;390,936;596,932;597,930;596,925;580,943;580,917;558,882;556,882;554,882;552,882;542,896;567,896;134,750;135,754;139,749;228,738;218,729;209,738;218,747
660|0|Inn hostess|803,156;216,868
660|0|Karus Guard tower|248,692;329,635;323,732;407,804;355,844;299,788;134,787;86,840;159,792;299,872;517,887;517,959;590,959;182,985;253,984;111,731;134,870;276,791;166,872;107,635;188,692
660|0|Karus Refugee|230,650;234,657;238,665;197,650;234,649;238,657;197,654;238,649;238,661;237,669;201,653;237,653;234,661;234,669;205,653
660|0|Keeper|218,948;805,75
660|0|Raina[Healing potion]|794,156
660|0|search party|720,314;831,324;877,210;734,149;826,145;858,105;678,72;454,140;529,945;257,757;122,756;114,848;264,884;140,900;313,966;149,935
660|0|Tower of defense|203,252;247,213;196,145;136,216
660|0|Tower of Power|865,866;907,824;860,776;893,773
660|0|Victory Gate|792,97;231,923
660|0|Warder 1|217,738;805,285
660|0|Warder 2|555,930;467,109
660|0|Yasbal[Sundries]|799,156
690|0|Ardin[sundries]|149,131
690|0|Halber[sundries]|874,888
710|1|Ancient|1418,1577;1428,1585;1429,1576;1438,1575;1439,1586;1410,1586;1410,1572;1418,1563;1427,1567;587,419;595,422;603,420;607,411;602,401;593,397;588,401;589,408;594,411;602,415;607,413;607,406;1430,1593;1418,1592
710|1|Apostle|1657,1454;1623,1495;431,507;395,545
710|1|Apostle of Flames|1110,1269;880,753;1214,1235;775,804
710|1|Apostle of Piercing Cold|279,917;271,897;259,913;291,901;240,905;252,889;224,897;236,881;1808,1084;1812,1147;1816,1115;1792,1115;1812,1086;1789,1082;1777,1111;1800,1127
710|1|Atross|1009,1077;968,1045;999,938;1015,899;1043,935;1084,1001
710|1|Balog|1294,1481;735,490;1677,1259;415,688
710|1|Blood seeker|1115,1395;1122,1386;1131,1393;1126,1401;1123,1393
710|1|Booro|1349,1530;351,747;1632,1297;676,448
710|1|Cardinal|1860,1134;1860,1144;1871,1146;1873,1137;1867,1139;1854,1099;1863,1098;1864,1105;1859,1110;1851,1105;1905,1089;1890,1088;1889,1100;1904,1100;1898,1098;1899,1135;1901,1146;203,845;191,847;187,834;198,830;195,837;166,858;151,860;156,871;169,866;159,862;150,891;138,893;143,905;153,902;147,889;198,871;189,879;174,878;185,860;171,842
710|1|Crimson Wing|1302,331;1292,335;1285,321;790,1544;798,1552;805,1543;796,1537;797,1546;772,1583;766,1592;778,1596;782,1585;773,1590;819,1606;812,1612;827,1607;1293,315;1292,325;1250,331;1255,322;1244,315;1239,324;1246,322
710|1|Cruel|671,1171;1401,833
710|1|Death knight|1559,1022;1579,990;401,1058;421,1034;431,996;1539,992
710|1|Doom Soldier|1522,769;1384,645;1378,661;1382,661;1384,640;557,1260;560,1276;559,1276;557,1269;557,1271;671,1377;679,1369;679,1373;681,1375;1508,767;1505,763;1509,762
710|1|Dragon Fossil of Draki|1463,1759;1446,1791;1465,1802;1486,1811;1493,1779;1506,1794;1520,1816;1449,1891;1461,1928;1422,1885;1426,1923;1371,1887;1401,1873;687,205;678,177;583,129;599,109;635,107;709,170;753,143;726,147;747,180
710|1|Dreadium Fossil of Dragon|623,150;669,91;679,69;710,75;721,121;738,93;748,120;656,176;1401,1779;1488,1867;1496,1852;1401,1820;1416,1801;1521,1851;1525,1868;1468,1884;1494,1906;1505,1888;1359,1856;1390,1844;1365,1818;1379,1799;620,196;584,148;591,163;601,181;636,166;705,101
710|1|Enigma|850,1336;1190,669
710|1|Evil Wizard|535,588;1499,1418;510,545;591,598;632,567;1549,1431;1452,1409;1216,531;1301,508;1603,1429;863,1482;796,1466
710|1|Falcon|1248,267;1251,280;1235,282;1234,269;1242,274;444,1389;451,1401;462,1393;455,1382;452,1391
710|1|Felankor|1040,952
710|1|fossil Guard|1441,1656;1409,1789;1464,1789;1462,1895;1507,1825;1394,1809;610,321;631,196;693,192;718,189;603,146;688,89;710,94
710|1|Frokell|722,1319;718,1323;712,1328;714,1321;718,1316;1083,551;1083,542;1086,537;1090,544;1090,538
710|1|Goloras|1380,626;1377,636;1360,679;835,1389;835,1391;814,1390;1091,547;715,1322
710|1|Harpy|1567,744;1576,736;1582,742;1574,750;1573,743;1415,565;1407,570;1411,578;1418,574;1412,571;1364,570;1370,562;1363,552;1356,557;1363,560;511,1469;505,1461;512,1454;518,1462;511,1461;553,1463;543,1467;548,1474;559,1471;550,1468;503,1426;515,1423;514,1411;502,1414;508,1416
710|1|Havoc|759,1259;1310,736
710|1|Hell Fire|974,1380;1080,612
710|1|HOBGOBLIN|1735,1320;1731,1322;1735,1343;1730,1338;1734,1341;1714,1363;1721,1363;283,702;286,699;316,664;315,660;327,659;333,649;336,642
710|1|Keramash|962,1384;1411,840;1406,823;1391,828;1395,844;1077,602;670,1182;658,1169;672,1157;684,1172
710|1|Lamia|1711,1599;1713,1630;1671,1628;377,350;325,342;323,396;1669,1603;355,294;1403,1249;481,748
710|1|Mastodon|1244,418;1313,378;775,1618;773,1631;777,1644;577,1504;515,1446;509,1441;509,1436;558,1500;551,1503;1242,415;1393,446;1398,444;1398,454;1325,395;1321,403;1258,415
710|1|Medikmash|970,1368;1202,672;1193,657;1087,625;857,1347;840,1343;846,1326;1186,683;862,1330;1176,665
710|1|Nigmash|982,1392;1091,607;773,1261;759,1274;745,1261;758,1247;1323,736;1309,721;1297,737;1311,751
710|1|Orc bandit archer|1884,1343;1879,1355;1883,1363;1888,1372;154,633;158,646;155,659;134,663;123,655;120,640;128,628;141,626;152,633;1897,1376;1906,1381;1919,1382;1930,1374;1936,1362;1937,1348;1932,1335;1919,1323;1905,1324;1896,1326;1887,1334;1879,1346
710|1|Orc bandit leader|945,1035
710|1|Orc bandit officer|1866,1353;1869,1365;1878,1375;1888,1382;1898,1383;1936,1361;1940,1347;1939,1325;1924,1322;1911,1318;1884,1318;1889,1326;106,640;107,659;136,670;150,620;157,622;168,643;147,668;121,667;119,630;1896,1343;1894,1352;1907,1366;1923,1363;1923,1341;1910,1339
710|1|Orc bandit Warrior|136,656;130,651;127,643;133,635;141,634;148,638;149,647;147,653;1895,1349;1900,1341;1914,1341;1903,1337;1917,1345;1919,1354;1912,1362;1905,1363
710|1|Raven Harpy|1528,746;1539,741;1541,752;1532,757;1534,747;1549,718;1557,710;1563,717;1556,725;1556,716
710|1|Riote|1007,1082;974,1032;986,951;1054,927;1098,988;1000,900
710|1|Stone golem|557,1570;547,1574;542,1562;551,1556;547,1564;517,1522;524,1515;526,1531;533,1523;525,1522;1559,522;1551,527;1556,534;1564,531;1557,528;1570,558;1580,554;1585,564;1576,568;1576,561
710|1|Titan|466,1276;479,1266;486,1277;473,1287;474,1278;1459,404;1443,404;1439,417;1454,421;1449,419
710|1|Toll shamna|1888,1565;176,422
710|1|treant|1490,1591;547,414;550,405;548,396;541,388;531,391;521,393;522,403;526,411;533,413;540,412;545,401;538,400;1514,1594;1518,1604;1508,1612;1501,1606;1501,1594;1507,1588;1482,1588;1473,1595;1473,1605;1481,1610;1490,1608
710|1|Troll|1888,1618;1937,1589;105,354;138,405
710|1|Troll Warrior|1871,1737;1920,1680;192,318;132,267
710|1|Wild smilodon|1014,1030
710|0|[InnHost]Lined|606,927
710|0|[Sundries]Yasval|633,897
710|0|Ardin[sundries]|1354,1102
710|0|Guard tower|1337,1090;1340,1072;1367,1065;1387,1071;1407,1085;1368,1107;1406,1103;1416,1074;1395,1047;1374,1038;1346,1051;1366,1087
710|0|Inn hostess|1388,1103
720|1|Apostle|866,650;226,340;162,319;605,423;416,561;926,587
720|1|Atross|430,467;846,363;208,147;384,598;474,128;175,579;871,524;348,857
720|1|Baron|527,204;592,889;542,900;474,107
720|1|Beast|941,764;208,265
720|1|Blood Don|891,676;597,153;579,419;127,593;407,613;221,130
720|1|Blood seeker|601,222;583,151;457,901;388,868
720|1|Cardinal|714,869;445,153;407,93;752,895
720|1|Dark eyes|881,441;134,608;828,382;158,534
720|1|DARK MARE|480,684;484,404
720|1|Death knight|261,519;854,464;902,525;213,527
720|1|Deruvish|923,649;556,447;885,388;892,329;107,631;217,407;127,697
720|1|Giant golem|516,428;407,599
720|1|Harpy|630,518
720|1|Haunga|833,755;263,214
720|1|Lamia|521,656;238,456;877,709
720|1|Lamiros|522,668;631,495
720|1|Meganthereon|351,907;340,848;658,136;636,219
720|1|Orc bandit archer|452,533;589,524;452,537;585,511;499,539;532,514
720|1|Orc bandit officer|519,528;520,517;521,515
720|1|Orc bandit Sorcerer|449,526;453,545;584,507;590,512;519,543;535,527
720|1|Orc bandit Warrior|593,511;591,505;456,532;584,525;452,528;583,514;521,530;446,529;449,521
720|1|paralyzer|745,206;241,791;203,775;715,260
720|1|Raven Harpy|636,503;479,689
720|1|Riote|430,456;714,863;851,709;406,571;636,491;117,557
720|1|Stinger|793,330;868,327;178,646;121,675
720|1|Stone golem|411,544;817,845;335,178
720|1|Troll|480,411;918,833;113,303
720|1|Troll Warrior|460,420;411,578
720|0|[National Enchanter]|190,933;854,130
720|0|[Search Captain]Laek|190,919
720|0|[Search Captain]Zamed|852,136
720|0|Ardin[sundries]|874,127
720|0|Ardream Monument|522,527
720|0|Guard tower|879,130;873,114;862,101;170,942;190,947;211,942
720|0|Halber[sundries]|179,942
720|0|Inn hostess|860,114;200,942
720|0|Spirit Of Logos|510,524;509,489;433,523;582,520;521,884;231,549;804,487;507,133
730|1|Ancient|706,758;294,253;300,254;297,241;283,244;288,241;697,770;694,756;706,764;708,771;339,265;339,271;342,278;347,287;355,275;651,730;660,730;656,735;665,739;669,730
730|1|Apostle|672,423;674,414;665,406;664,422;664,415;338,373;351,675;668,654
730|1|Atross|393,475;635,504;655,379;328,519
730|1|Baron|490,561;499,560;496,568;501,561;493,449;498,459;501,451;503,446
730|1|Blood Don|683,610;673,618;671,611;677,605;675,623;681,619;325,373;322,379;340,392;337,377;329,385;332,370
730|1|Blood seeker|688,249;232,723
730|1|Cardinal|564,491;562,502;578,498;438,504;434,509;443,511;453,504;572,489
730|1|Dragon Tooth commander|870,651;179,441
730|1|Haunga|627,438;444,592
730|1|Raven Harpy|833,756;827,763;839,771;848,752;855,750;834,744;159,255;165,255;155,267;161,265
730|1|Riote|392,602;583,389;497,391;571,597;598,454;434,429
730|1|Troll|208,584;217,567;214,576;224,569;223,575;781,457;787,453;786,463;775,463;780,469
730|1|Troll Warrior|192,618;197,620;194,629;198,632;192,637;799,410;799,403;805,408;795,418;803,422
730|0|[Base Scout] Crewjed|521,100
730|0|[BaseScout] Crable|501,922
730|0|Ardin[sundries]|523,121
730|0|Guard Tower|548,877;495,246;505,246;522,246;532,246;550,246;479,246;533,154;509,153;483,153;482,125;499,137;522,142;542,139;541,126;518,114;533,105;543,92;531,82;501,84;486,88;490,106;477,105;512,127;515,95;507,758;547,758;496,758;523,758;533,758;479,758;528,938;510,923;487,920;498,908;536,909;537,893;526,879;512,895;473,873;519,909;499,938;542,922;469,908;549,908;512,870;492,887;480,899
730|0|Halber[sundries]|502,895
730|0|Inn hostess|507,121;526,895
730|0|Ronark Base Monument|512,512
730|0|Sodun[Beginner Item Rental]|510,930
730|0|Soren[Beginner Item Rental]|530,100
730|0|Spirit Of Logos|523,547;527,506;829,507;834,150;215,557;198,896
750|1|Ashiton|676,1600;677,1656;687,1611;692,1617;640,1633;658,1634;668,1647;631,1625;657,1596;648,1586;595,1593;603,1598;609,1604;606,1542;614,1614;620,1550;624,1557;631,1566;647,1571
750|1|Booro|137,1230;110,1228;214,1211;214,1213;211,1200;217,1205;109,1250;143,1239;231,1880;980,1733;113,1252;485,1098;469,1102;411,1139;481,1091;409,1149;396,1171;220,1877;221,1884;279,1845;273,1845;261,1843;272,1845;437,1906;427,1901;443,1897;426,1899;799,2000;806,1997;815,1995;800,1999;795,2002;243,1829;985,1728;972,1724;959,1732
750|1|Cuff Binder|480,1740;943,1986;104,1332;966,1385;681,1125
750|1|Cuff Binder Son|961,1411;918,1988;960,1998;952,1977;997,1411;949,1395;997,1388;486,1744;479,1749
750|1|Giant golem|435,1816;423,1965;391,1872;827,1771;427,1239;848,1468;843,1430;841,1445;410,1418;420,1408;692,1572;217,1410;718,1592;775,1729;663,1537;312,1689;657,1112;661,1094;657,1113;656,1119;659,1111;657,1124;446,1238;770,1725
750|1|Giga Hammer|247,1662;726,1832;501,1426;626,1436
750|1|Knight of betrayal|386,1755;416,1447;154,1449;220,1464;142,1432;250,1726;431,1452;372,1741;228,1731;379,1742;402,1736;391,1731;390,1729;417,1458;423,1450;414,1479;421,1471;232,1724;232,1717;241,1724;144,1441;142,1450;155,1449;202,1450;221,1461;216,1460;210,1445;137,1424
750|1|Krowaz|168,1610;288,1397;367,1645
750|1|Lirimu|77,1704;82,1705;168,1548;481,1638
750|1|Minotaur|508,1143;171,1078;197,1085;504,1197;856,1731;980,1735;803,2014;954,1629;497,1163;705,1134;690,1145;501,1195
750|1|Old Box|188,1586;169,1584;147,1587;147,1626;165,1630;181,1623;967,1732;721,1826;424,1902;800,1994;489,1630;78,1700;78,1711;91,1701;149,1550;152,1539;153,1534;164,1533;133,1238;476,1647;480,1633;485,1641;484,1323;486,1337;494,1318;496,1337;95,1709;492,1635;955,1633;682,1127
750|1|Treant|259,1862;444,1870;962,1737;968,1718;342,1136;175,1824;178,1821;182,1819;186,1830;273,1868;266,1860;734,1956;271,1863;426,1878;433,1873;446,1873;430,1865;930,1725;948,1721;958,1721;338,1129;346,1137;333,1139;161,1078;169,1069;163,1076;166,1078
750|1|Treasure Chest|317,1426
750|0|[Portion] Amore|436,1538
750|0|[Portion] Ninomaxi|76,1846
750|0|[Portion] Sonyador|42,1976
750|0|[White Shadow] Garsha|42,1962
750|0|[White Shadow] Garsia|43,1855
750|0|[White Shadow] Scout Chief|125,1907
750|0|[White Shadow] Scout Marble|872,1422
750|0|[White Shadow] Scout Marin|510,1846
750|0|[White Shadow] Scout Mark|584,1118
750|0|[White Shadow] Scout Marvine|925,1868
750|0|[White Shadow] Treasure|145,1341;277,1722;122,1545;482,1375;456,1645
750|0|Benshar Pavilion|286,1530
750|0|Rolling Stone|178,2000
750|0|Saw blade|169,1302;188,1304;189,1304;169,1314;185,1317;182,1308;206,1310;210,1319;227,1304;217,1302;232,1319;815,1892;817,1891;805,1892;821,1881;805,1907;813,1886;811,1913;832,1871;840,1864;866,1847;867,1848;823,1879;854,1861;843,1864;864,1851;812,1592;808,1597;814,1609;821,1596;826,1597;824,1599;826,1598;837,1596;840,1597;810,1596;842,1599;841,1595;848,1606;840,1614;848,1617;848,1596;844,1605;837,1608;845,1611;848,1624;354,1698;354,1706;383,1697;363,1696;363,1706;365,1708;379,1702;96,1648;617,1339;627,1348;686,1349;631,1341;634,1342;639,1340;648,1341;650,1346;655,1345;663,1343;662,1347;667,1340;669,1342;690,1338;816,1466;815,1435;829,1422;826,1446;840,1427;824,1462;840,1455;843,1478;843,1427;848,1427;848,1439;851,1438;851,1476;851,1405;856,1479;855,1419;856,1463;859,1409;859,1480;863,1427;682,1350;162,1307;161,1319;86,1642;91,1666;91,1656;81,1670;87,1658;92,1637;87,1639;80,1634;111,1548;115,1545;109,1536;121,1526;119,1519;128,1497;113,1501;129,1496;111,1496;127,1492;93,1597;142,1309;142,1315;142,1304;160,1321;111,1499;388,1696;398,1696;419,1707;411,1706;587,1352;590,1354;670,1346;592,1349;613,1346;602,1346;608,1344;612,1342;622,1341
760|1|Golden Puppy|296,610;297,561;355,579;386,625;466,634;526,668;614,693;716,667;771,645;798,588;704,421;652,363
760|1|Rabbit|335,651;299,742;392,598;405,455;522,339;376,650;410,639;453,583;561,567;616,515;647,581;591,683;619,762;611,682;621,767;305,129;259,94;372,189;359,251;229,514;246,650;231,559;226,421;498,702;580,560;365,425;409,370;674,675;226,362;307,402;320,465;333,510;338,545
760|1|Snowman|679,406;570,383;521,414;475,305;435,339;422,259;447,270;361,289;310,304;320,378;189,382;185,536;248,596
760|1|Wanderer Skeleton|718,369;669,453;673,331;621,307;644,465;584,550;555,689;653,704;583,746;736,686;788,459;645,536;699,393;611,379;599,399;688,482;401,536;335,629;791,387
760|1|Yellow Dog|408,341;487,346;502,401;567,425;637,435;724,458;823,461;755,585;624,633;652,511;586,473;610,347;715,304;766,372;810,546;794,652;678,737;774,341;738,385
840|1|[Potion Merchant] Ruber|204,215
840|1|[Potion Merchant] Shama|42,49
840|1|[Sundries] Ardin|47,49
840|1|[Sundries] Halber|200,215
840|1|Altar of Manes|127,131
840|1|Inn Hostess|195,215;52,49
850|0|Chaos Cube|109,166;115,119;115,140;126,79;136,120;136,140;143,166;144,88;156,112;156,146;179,130;72,129;95,113;95,147;108,89
850|0|Saw blade|113,138;138,121
910|1|Kecoon|125,125
920|1|Bandicoot|126,136
920|1|Bulcan|116,85
920|1|Bulture|106,142
920|1|Gavolt|101,112
920|1|Gloomwing|159,106
920|1|Kecoon|140,81
920|1|Scorpion|155,95
920|1|silan|155,162
920|1|Skeleton|140,95
920|1|Werewolf|104,162
920|1|Worm|151,142
920|1|Zombie|184,113
920|0|[Warden]Kabal|186,153
930|1|Isiloon|42,420
930|0|Judge 2|60,479
940|1|Felankor|54,56
960|0|Arena Monument|127,131
970|0|Arena Monument|127,131
980|0|Arena Monument|127,131
990|0|Arena Monument|127,131
1010|0|El Morad Spy|116,901
1010|0|guard|798,149;611,306;940,822;306,554;217,89;132,801
1010|0|Karus Spy|870,157
1010|0|Recon|698,113;642,324;910,784;302,585;233,121;181,823
1010|0|Victory Gate|846,166;85,841
1020|0|El Morad Spy|860,962
1020|0|guard|357,122;868,867;868,869;869,868;881,929;888,893;894,964;58,139;64,145;70,90;84,78;85,65;97,95;105,55;112,146;139,338;138,107;150,284;155,159;157,157;158,156;160,154;161,153;162,151;171,54;531,798;541,787;542,807;550,802;558,810;668,846;726,840;793,532;798,524;804,537;807,548;814,541;852,940;869,651;864,870;865,871;866,870;867,870;907,696;914,895;912,934;942,951;947,904;951,941;470,205;471,197;452,193;177,66;181,466;188,455;193,478;198,466;279,157;330,357;371,338
1020|0|Karus Spy|185,44
1020|0|Recon|693,875;698,675;773,515;780,508;846,961;852,867;852,973;862,856;912,644;953,877;961,885;114,325;209,497;218,487;314,125;481,224;487,217;516,785;522,777;635,686;643,649
1020|0|Victory Gate|942,941;80,81
2010|1|Apostle|477,448;434,497;1553,1554;1599,1504
2010|1|Atross|1013,888;1015,1098;1017,926;1014,1054;1088,993;947,992;1095,988;934,991
2010|1|Bach|1072,1040;973,1062;958,939;996,991;1050,922;1034,991
2010|1|Barkirra|1016,902;1117,1032;933,1013;1022,1101
2010|1|Baron|1071,996;935,1019;1763,1059;1836,1108;272,932;223,893
2010|1|Barrkk|1088,964;956,962;1018,1069;1016,914
2010|1|Beast|1144,1370;275,1181;901,640;1714,857
2010|1|Bishop|1017,894;933,990;1018,1101;1097,991;1015,992
2010|1|Blood Don|1112,996;930,990;985,1066;1046,1065;1041,919;990,919
2010|1|Blood seeker|302,1143;930,615;1119,1390;1666,896
2010|1|bone collecter|1112,958;1114,1033;915,973;930,1032
2010|1|Cardinal|1033,991;996,990;139,894;188,845;1886,1141;1915,1094
2010|1|Dark eyes|964,949;1071,1057;1081,944
2010|1|DARK MARE|1761,304;1837,343;292,1686;197,1609
2010|1|Death knight|1723,904;268,1137;218,781;251,726;1842,1198;1799,1271;1013,1064;1010,917
2010|1|Deruvish|1698,1252;342,768;1501,1598;1433,1586;543,396;610,414
2010|1|Duke|1015,992;1019,900;1075,990;943,999;1017,1085
2010|1|Giant golem|195,1484;202,1544;1851,476;1825,405
2010|1|Harpy|819,1665;1248,331;855,1563;1182,364
2010|1|Harunga|1088,961;940,997
2010|1|Haunga|559,563;1406,1420;1488,1424;631,582
2010|1|Javana|986,1045;958,952;1071,1027;1081,957;1017,1099;1011,899
2010|1|Lamia|1439,1262;1371,1259;634,729;557,736;381,405;336,382;1661,1595;1722,1600
2010|1|Lamiros|472,747;1525,1248;315,303;415,336;1659,1630;1711,1631
2010|1|Lesath|1051,1056;980,1061;964,916;1070,925
2010|1|Lobo|1095,979;934,994;1017,1091;1015,898
2010|1|Lupus|1093,969;934,1000;1015,1086;1014,908
2010|1|Lycaon|1065,1058;963,1061;962,924;1107,976;917,996;1062,928
2010|1|Mastodon|243,1602;379,1682;1662,319;1771,398
2010|1|Orc bandit archer|1920,1306;1859,1354;1892,1392;132,618;181,631;126,667
2010|1|Orc bandit leader|1022,1065;1013,911;1098,980;948,1006;1016,992
2010|1|Orc bandit officer|136,644;139,638;143,636;1904,1363;1904,1353;1909,1354
2010|1|Orc bandit Sorcerer|1852,1374;1898,1315;1935,1321;156,658;162,610;108,645
2010|1|Orc bandit Warrior|1930,1381;1893,1366;1926,1356;123,638;174,630;141,667
2010|1|Raven Harpy|1260,259;872,1719;1195,267;791,1728
2010|1|Riote|1068,933;960,932;961,1046;1071,1048;1017,1082;1017,904;1097,989;939,990
2010|1|Samma|1014,991;1013,912;1020,1069;1087,997;944,993
2010|1|Shaula|1018,1069;1010,908;1086,993;940,986
2010|1|Stegodon|1230,1215;764,796
2010|1|Stinger|1732,357;268,528;1749,1470;564,579;1489,1421;283,1649;1335,919;731,1088
2010|1|Stone golem|1625,366;461,1692;410,1647;1740,1336;303,646;1576,288
2010|1|Troll|133,406;1906,1556;106,361;181,414;1938,1591;1889,1620
2010|1|Troll Warrior|129,272;191,324;1921,1682;1872,1739
2010|1|undying|1062,1055;963,921;959,1056;1064,931;1015,992
2010|0|Elmorad Assassin|359,279;1313,1570;1451,571
2010|0|Elmorad Commander|947,677;569,1027;784,601;773,613;1281,1479;1562,1008;1577,633;1484,703
2010|0|Elmorad Commanding Officer|1459,1330;1372,1556;1520,630
2010|0|Elmorad Vice Captain|1615,1303;1327,1510;1473,627;1520,585
2010|0|Elmorad Warrior|873,658;645,785;1529,1047;1518,992;1416,653;1437,702;1484,704
2010|0|Guard tower|1279,1198;1329,1198;1379,1198;1429,1198;1479,1198;1279,1398;1329,1398;1379,1398;1429,1398;1479,1398
2010|0|Karus Assassin|1694,1668;762,444;593,1439
2010|0|Karus Commander|1107,1335;1435,965;1253,1397;1265,1381;404,1051;765,522;463,1359;544,1303
2010|0|Karus Commanding Officer|588,659;680,428;522,1337
2010|0|Karus Vice Captain|721,480;463,619;520,1381;596,1388
2010|0|Karus Warrior|1175,1352;1369,1191;450,999;470,1044;626,1342;583,1317;541,1303
